1000
1 698 
1 272 
1 730 
1 7 
1 260 
1 851 
1 483 
1 551 
1 526 
1 410 
1 673 
1 21 
1 856 
1 96 
1 45 
1 945 
1 30 
1 271 
1 715 
1 986 
1 465 
1 741 
1 240 
1 307 
1 832 
1 883 
1 963 
1 736 
1 206 
1 663 
1 749 
1 904 
1 934 
1 830 
1 262 
1 545 
1 680 
1 744 
1 96 
1 557 
1 154 
1 120 
1 929 
1 9 
1 215 
1 974 
1 305 
1 596 
1 244 
1 372 
1 933 
1 60 
1 112 
1 524 
1 366 
1 943 
1 407 
1 681 
1 678 
1 964 
1 343 
1 426 
1 867 
1 628 
1 255 
1 129 
1 524 
1 287 
1 224 
1 971 
1 843 
1 729 
1 91 
1 772 
1 90 
1 657 
1 97 
1 746 
1 605 
1 692 
1 117 
1 889 
1 752 
1 228 
1 413 
1 469 
1 522 
1 171 
1 149 
1 200 
1 134 
1 843 
1 977 
1 353 
1 822 
1 584 
1 833 
1 346 
1 870 
1 56 
1 316 
1 64 
1 137 
1 406 
1 187 
1 226 
1 415 
1 283 
1 971 
1 19 
1 327 
1 440 
1 259 
1 78 
1 667 
1 671 
1 898 
1 541 
1 841 
1 399 
1 92 
1 975 
1 241 
1 68 
1 327 
1 63 
1 3 
1 159 
1 408 
1 224 
1 566 
1 75 
1 288 
1 702 
1 481 
1 826 
1 279 
1 247 
1 461 
1 602 
1 617 
1 787 
1 41 
1 875 
1 216 
1 59 
1 546 
1 113 
1 599 
1 738 
1 511 
1 690 
1 712 
1 104 
1 110 
1 390 
1 518 
1 464 
1 900 
1 277 
1 688 
1 466 
1 351 
1 327 
1 519 
1 183 
1 504 
1 798 
1 429 
1 964 
1 751 
1 397 
1 750 
1 791 
1 272 
1 965 
1 849 
1 169 
1 430 
1 800 
1 906 
1 292 
1 841 
1 970 
1 747 
1 950 
1 711 
1 264 
1 766 
1 611 
1 892 
1 805 
1 428 
1 243 
1 131 
1 946 
1 777 
1 634 
1 95 
1 206 
1 950 
1 845 
1 954 
1 699 
1 987 
1 225 
1 16 
1 836 
1 745 
1 797 
1 987 
1 651 
1 440 
1 827 
1 972 
1 187 
1 129 
1 682 
1 450 
1 894 
1 644 
1 342 
1 698 
1 71 
1 936 
1 180 
1 369 
1 712 
1 165 
1 815 
1 269 
1 114 
1 12 
1 223 
1 165 
1 998 
1 799 
1 532 
1 185 
1 544 
1 328 
1 171 
1 546 
1 767 
1 350 
1 517 
1 305 
1 478 
1 550 
1 755 
1 371 
1 194 
1 448 
1 420 
1 264 
1 735 
1 951 
1 984 
1 446 
1 115 
1 799 
1 715 
1 581 
1 162 
1 289 
1 97 
1 511 
1 87 
1 628 
1 696 
1 630 
1 307 
1 218 
1 527 
1 425 
1 567 
1 43 
1 730 
1 44 
1 945 
1 836 
1 766 
1 138 
1 635 
1 537 
1 753 
1 369 
1 487 
1 737 
1 166 
1 954 
1 887 
1 232 
1 886 
1 48 
1 520 
1 982 
1 558 
1 607 
1 961 
1 605 
1 588 
1 619 
1 823 
1 115 
1 395 
1 741 
1 509 
1 476 
1 137 
1 453 
1 311 
1 902 
1 942 
1 297 
1 439 
1 695 
1 17 
1 277 
1 783 
1 183 
1 230 
1 669 
1 414 
1 115 
1 68 
1 286 
1 96 
1 977 
1 244 
1 408 
1 582 
1 831 
1 26 
1 756 
1 297 
1 421 
1 848 
1 158 
1 896 
1 984 
1 962 
1 559 
1 886 
1 904 
1 207 
1 676 
1 598 
1 224 
1 952 
1 732 
1 758 
1 534 
1 400 
1 523 
1 648 
1 819 
1 808 
1 96 
1 795 
1 51 
1 503 
1 728 
1 234 
1 881 
1 483 
1 882 
1 301 
1 331 
1 39 
1 548 
1 666 
1 353 
1 458 
1 903 
1 256 
1 665 
1 578 
1 205 
1 240 
1 882 
1 936 
1 349 
1 415 
1 687 
1 871 
1 414 
1 505 
1 31 
1 509 
1 651 
1 433 
1 364 
1 379 
1 18 
1 244 
1 213 
1 900 
1 896 
1 895 
1 290 
1 443 
1 561 
1 994 
1 253 
1 463 
1 249 
1 917 
1 393 
1 805 
1 508 
1 626 
1 740 
1 856 
1 392 
1 778 
1 78 
1 805 
1 634 
1 460 
1 666 
1 285 
1 893 
1 29 
1 663 
1 262 
1 624 
1 227 
1 513 
1 519 
1 122 
1 155 
1 313 
1 34 
1 148 
1 565 
1 496 
1 397 
1 833 
1 240 
1 201 
1 692 
1 865 
1 293 
1 899 
1 256 
1 70 
1 977 
1 413 
1 704 
1 436 
1 78 
1 340 
1 680 
1 458 
1 354 
1 294 
1 81 
1 580 
1 806 
1 599 
1 53 
1 960 
1 263 
1 86 
1 108 
1 180 
1 934 
1 856 
1 12 
1 173 
1 408 
1 56 
1 390 
1 700 
1 954 
1 997 
1 122 
1 282 
1 409 
1 177 
1 718 
1 838 
1 516 
1 749 
1 295 
1 869 
1 42 
1 727 
1 448 
1 200 
1 325 
1 501 
1 159 
1 940 
1 938 
1 618 
1 119 
1 871 
1 825 
1 482 
1 44 
1 233 
1 537 
1 785 
1 284 
1 491 
1 781 
1 405 
1 772 
1 190 
1 933 
1 841 
1 379 
1 448 
1 942 
1 674 
1 316 
1 335 
1 400 
1 116 
1 534 
1 77 
1 968 
1 45 
1 368 
1 905 
1 14 
1 486 
1 776 
1 839 
1 319 
1 171 
1 423 
1 856 
1 955 
1 706 
1 698 
1 87 
1 463 
1 821 
1 628 
1 395 
1 14 
1 7 
1 195 
1 307 
1 32 
1 510 
1 641 
1 783 
1 977 
1 527 
1 211 
1 944 
1 923 
1 578 
1 201 
1 288 
1 415 
1 328 
1 478 
1 734 
1 850 
1 900 
1 941 
1 804 
1 958 
1 638 
1 890 
1 772 
1 810 
1 870 
1 518 
1 175 
1 876 
1 712 
1 481 
1 259 
1 574 
1 474 
1 41 
1 550 
1 352 
1 252 
1 846 
1 274 
1 181 
1 398 
1 913 
1 596 
1 725 
1 391 
1 329 
1 574 
1 642 
1 269 
1 729 
1 599 
1 258 
1 970 
1 722 
1 419 
1 839 
1 240 
1 594 
1 66 
1 951 
1 74 
1 324 
1 524 
1 547 
1 365 
1 426 
1 898 
1 968 
1 623 
1 523 
1 148 
1 20 
1 788 
1 95 
1 96 
1 178 
1 775 
1 21 
1 171 
1 395 
1 749 
1 770 
1 652 
1 70 
1 491 
1 71 
1 261 
1 82 
1 664 
1 326 
1 33 
1 89 
1 650 
1 908 
1 988 
1 366 
1 333 
1 885 
1 685 
1 955 
1 760 
1 832 
1 326 
1 899 
1 279 
1 421 
1 428 
1 53 
1 441 
1 598 
1 448 
1 541 
1 719 
1 451 
1 611 
1 562 
1 521 
1 871 
1 643 
1 536 
1 548 
1 675 
1 625 
1 197 
1 583 
1 964 
1 914 
1 267 
1 200 
1 598 
1 574 
1 959 
1 782 
1 899 
1 209 
1 60 
1 672 
1 636 
1 464 
1 464 
1 234 
1 911 
1 5 
1 952 
1 714 
1 967 
1 513 
1 234 
1 189 
1 156 
1 122 
1 736 
1 182 
1 98 
1 285 
1 764 
1 61 
1 198 
1 31 
1 260 
1 796 
1 956 
1 571 
1 929 
1 854 
1 779 
1 340 
1 877 
1 415 
1 803 
1 341 
1 1000 
1 66 
1 697 
1 951 
1 779 
1 15 
1 816 
1 364 
1 203 
1 323 
1 485 
1 938 
1 504 
1 934 
1 222 
1 268 
1 346 
1 772 
1 650 
1 606 
1 919 
1 605 
1 528 
1 847 
1 810 
1 658 
1 186 
1 39 
1 424 
1 340 
1 379 
1 423 
1 405 
1 427 
1 726 
1 183 
1 441 
1 893 
1 547 
1 995 
1 215 
1 383 
1 932 
1 718 
1 669 
1 506 
1 337 
1 14 
1 629 
1 338 
1 971 
1 547 
1 294 
1 498 
1 745 
1 456 
1 156 
1 930 
1 494 
1 579 
1 269 
1 224 
1 354 
1 26 
1 650 
1 79 
1 208 
1 442 
1 971 
1 106 
1 436 
1 537 
1 841 
1 719 
1 254 
1 509 
1 576 
1 943 
1 522 
1 556 
1 280 
1 845 
1 102 
1 926 
1 342 
1 198 
1 381 
1 849 
1 479 
1 874 
1 428 
1 100 
1 97 
1 781 
1 125 
1 98 
1 211 
1 684 
1 891 
1 533 
1 790 
1 678 
1 69 
1 982 
1 748 
1 674 
1 490 
1 324 
1 616 
1 363 
1 231 
1 248 
1 207 
1 333 
1 173 
1 901 
1 882 
1 553 
1 749 
1 361 
1 426 
1 176 
1 460 
1 874 
1 308 
1 584 
1 323 
1 870 
1 267 
1 565 
1 402 
1 408 
1 242 
1 822 
1 389 
1 989 
1 496 
1 230 
1 664 
1 463 
1 945 
1 895 
1 710 
1 503 
1 579 
1 882 
1 403 
1 460 
1 786 
1 152 
1 820 
1 563 
1 679 
1 279 
1 436 
1 339 
1 214 
1 110 
1 208 
1 833 
1 674 
1 962 
1 592 
1 267 
1 783 
1 333 
1 256 
1 630 
1 562 
1 919 
1 93 
1 858 
1 165 
1 154 
1 361 
1 743 
1 388 
1 763 
1 203 
1 173 
1 266 
1 374 
1 736 
1 945 
1 5 
1 523 
1 283 
1 218 
1 633 
1 842 
1 402 
1 658 
1 155 
1 994 
1 925 
1 938 
1 326 
1 532 
1 919 
1 239 
1 802 
1 363 
1 449 
1 967 
1 517 
1 809 
1 709 
1 904 
1 923 
1 911 
1 428 
1 189 
1 285 
1 163 
1 133 
1 289 
1 686 
1 767 
1 858 
1 670 
1 608 
1 612 
1 679 
1 763 
1 605 
1 955 
1 52 
1 282 
1 486 
1 322 
1 872 
1 288 
1 685 
1 320 
1 254 
1 553 
1 480 
1 962 
1 808 
1 403 
1 225 
1 235 
1 591 
1 861 
1 398 
1 723 
1 501 
1 435 
1 841 
1 710 
1 456 
1 800 
1 321 
1 134 
1 914 
1 277 
1 89 
1 965 
1 558 
1 926 
1 639 
1 782 
1 213 
1 675 
1 453 
1 818 
1 227 
1 933 
1 132 
1 386 
1 335 
1 356 
1 620 
1 277 
1 568 
1 369 
1 999 
1 68 
1 155 
1 191 
1 777 
