1000
2 535 479 
2 750 902 
2 502 205 
2 347 101 
2 916 22 
2 378 394 
2 483 265 
2 773 933 
2 157 943 
2 138 912 
2 567 933 
2 338 243 
2 550 671 
2 316 98 
2 379 106 
2 873 266 
2 937 622 
2 167 438 
2 826 865 
2 890 93 
2 238 267 
2 839 720 
2 884 611 
2 4 40 
2 553 142 
2 303 471 
2 74 640 
2 713 975 
2 310 381 
2 425 41 
2 838 297 
2 306 774 
2 270 824 
2 563 95 
2 40 805 
2 540 277 
2 423 378 
2 997 306 
2 988 1000 
2 698 892 
2 493 1000 
2 363 918 
2 992 427 
2 893 653 
2 159 317 
2 45 997 
2 965 702 
2 122 234 
2 877 685 
2 680 916 
2 841 219 
2 193 263 
2 948 541 
2 921 935 
2 540 618 
2 179 385 
2 969 893 
2 302 960 
2 319 546 
2 965 830 
2 214 9 
2 826 178 
2 711 947 
2 411 587 
2 983 443 
2 855 823 
2 661 47 
2 86 961 
2 587 6 
2 895 478 
2 975 425 
2 862 943 
2 317 516 
2 903 988 
2 61 219 
2 817 275 
2 227 642 
2 804 289 
2 588 567 
2 228 571 
2 9 82 
2 745 21 
2 128 830 
2 981 66 
2 187 228 
2 895 161 
2 652 109 
2 104 969 
2 624 358 
2 956 36 
2 576 772 
2 662 154 
2 413 466 
2 443 352 
2 32 670 
2 274 40 
2 103 19 
2 60 230 
2 200 393 
2 647 739 
2 620 541 
2 899 271 
2 649 354 
2 591 624 
2 63 546 
2 660 990 
2 669 321 
2 144 433 
2 138 938 
2 137 169 
2 607 410 
2 560 709 
2 780 972 
2 290 980 
2 364 288 
2 718 335 
2 180 968 
2 605 829 
2 674 548 
2 804 736 
2 445 815 
2 726 114 
2 488 869 
2 546 625 
2 806 682 
2 146 764 
2 444 705 
2 824 223 
2 28 465 
2 554 743 
2 752 623 
2 77 931 
2 591 34 
2 111 264 
2 581 267 
2 351 25 
2 81 76 
2 138 568 
2 296 36 
2 193 453 
2 69 338 
2 568 864 
2 394 391 
2 439 774 
2 207 992 
2 516 958 
2 615 593 
2 241 557 
2 626 703 
2 172 206 
2 969 874 
2 582 50 
2 950 720 
2 617 597 
2 107 161 
2 402 527 
2 498 969 
2 743 244 
2 712 181 
2 17 918 
2 172 884 
2 876 138 
2 476 468 
2 46 101 
2 170 569 
2 658 139 
2 443 240 
2 188 744 
2 311 804 
2 340 769 
2 317 93 
2 295 814 
2 62 389 
2 409 773 
2 569 777 
2 690 93 
2 661 917 
2 582 136 
2 384 628 
2 589 554 
2 196 246 
2 44 990 
2 837 231 
2 733 147 
2 386 425 
2 915 702 
2 517 562 
2 868 930 
2 950 628 
2 702 519 
2 405 744 
2 611 417 
2 12 192 
2 904 396 
2 171 844 
2 301 719 
2 90 344 
2 708 926 
2 926 793 
2 425 663 
2 569 339 
2 365 437 
2 900 584 
2 367 850 
2 211 420 
2 720 967 
2 163 682 
2 735 175 
2 225 639 
2 922 396 
2 482 222 
2 466 923 
2 917 525 
2 201 194 
2 317 625 
2 856 237 
2 315 572 
2 674 215 
2 507 40 
2 416 718 
2 811 487 
2 36 974 
2 168 123 
2 500 392 
2 761 421 
2 139 594 
2 994 604 
2 869 262 
2 129 421 
2 455 797 
2 397 662 
2 34 711 
2 234 59 
2 277 740 
2 450 44 
2 809 260 
2 530 197 
2 233 49 
2 319 84 
2 441 431 
2 856 931 
2 376 201 
2 535 244 
2 462 15 
2 16 268 
2 163 412 
2 282 548 
2 123 515 
2 606 399 
2 606 55 
2 795 767 
2 315 324 
2 315 899 
2 373 633 
2 983 165 
2 415 838 
2 95 790 
2 391 981 
2 386 204 
2 347 401 
2 472 510 
2 813 753 
2 57 287 
2 619 663 
2 685 576 
2 69 479 
2 694 383 
2 155 8 
2 282 879 
2 992 616 
2 43 406 
2 805 489 
2 196 195 
2 822 933 
2 399 168 
2 333 222 
2 29 145 
2 326 86 
2 783 296 
2 100 820 
2 223 520 
2 650 917 
2 903 804 
2 276 536 
2 682 268 
2 151 76 
2 673 307 
2 565 220 
2 854 738 
2 152 604 
2 905 485 
2 825 286 
2 981 502 
2 723 764 
2 797 174 
2 583 371 
2 693 232 
2 287 595 
2 388 563 
2 482 421 
2 182 984 
2 497 854 
2 291 413 
2 74 144 
2 150 577 
2 747 406 
2 61 923 
2 691 394 
2 424 413 
2 509 572 
2 586 91 
2 942 631 
2 674 581 
2 225 413 
2 495 707 
2 834 676 
2 690 330 
2 881 332 
2 742 306 
2 827 243 
2 883 925 
2 648 295 
2 847 691 
2 688 622 
2 455 548 
2 545 393 
2 990 839 
2 23 664 
2 771 599 
2 76 265 
2 305 909 
2 292 347 
2 590 172 
2 30 683 
2 830 857 
2 925 712 
2 133 925 
2 358 980 
2 615 398 
2 953 421 
2 945 850 
2 813 935 
2 688 835 
2 950 458 
2 434 377 
2 74 90 
2 638 365 
2 788 227 
2 888 818 
2 262 717 
2 26 186 
2 780 158 
2 462 138 
2 489 428 
2 535 794 
2 849 831 
2 643 661 
2 765 330 
2 848 66 
2 139 633 
2 443 212 
2 74 80 
2 928 862 
2 658 815 
2 31 919 
2 884 56 
2 457 663 
2 565 918 
2 152 54 
2 346 38 
2 847 546 
2 869 841 
2 206 985 
2 522 405 
2 51 660 
2 37 845 
2 223 111 
2 924 150 
2 324 933 
2 316 354 
2 852 199 
2 761 660 
2 214 325 
2 577 365 
2 378 274 
2 403 576 
2 819 623 
2 416 377 
2 607 937 
2 133 9 
2 948 522 
2 853 170 
2 632 128 
2 671 307 
2 61 987 
2 12 264 
2 537 772 
2 923 750 
2 448 851 
2 467 826 
2 477 221 
2 753 647 
2 843 521 
2 23 801 
2 457 508 
2 810 405 
2 29 14 
2 926 12 
2 142 597 
2 318 554 
2 935 329 
2 169 471 
2 452 91 
2 573 899 
2 293 39 
2 76 121 
2 611 829 
2 768 453 
2 349 142 
2 253 157 
2 649 414 
2 913 677 
2 780 839 
2 688 921 
2 787 357 
2 826 721 
2 37 994 
2 543 488 
2 436 115 
2 739 80 
2 505 814 
2 201 115 
2 994 968 
2 919 694 
2 109 524 
2 203 110 
2 937 115 
2 786 68 
2 305 826 
2 988 91 
2 534 165 
2 163 571 
2 510 706 
2 410 945 
2 172 500 
2 25 29 
2 666 577 
2 143 11 
2 544 414 
2 57 4 
2 937 259 
2 465 225 
2 725 251 
2 293 382 
2 428 632 
2 472 313 
2 797 987 
2 235 306 
2 692 645 
2 603 215 
2 496 979 
2 243 161 
2 555 738 
2 172 450 
2 151 580 
2 805 87 
2 838 270 
2 663 914 
2 872 955 
2 295 651 
2 939 119 
2 963 87 
2 105 198 
2 744 148 
2 194 346 
2 362 689 
2 676 605 
2 202 582 
2 342 725 
2 31 844 
2 304 188 
2 930 493 
2 809 944 
2 406 32 
2 251 53 
2 682 189 
2 171 996 
2 275 627 
2 545 18 
2 774 738 
2 716 487 
2 779 391 
2 91 980 
2 973 784 
2 56 355 
2 627 359 
2 542 908 
2 203 702 
2 204 960 
2 733 454 
2 12 766 
2 642 534 
2 762 268 
2 512 306 
2 285 285 
2 396 1000 
2 124 174 
2 391 214 
2 505 363 
2 350 560 
2 717 328 
2 270 611 
2 588 472 
2 312 791 
2 431 397 
2 244 795 
2 162 885 
2 328 923 
2 152 192 
2 581 788 
2 828 976 
2 788 951 
2 501 530 
2 165 357 
2 244 866 
2 916 312 
2 193 537 
2 274 780 
2 8 938 
2 570 790 
2 334 165 
2 584 495 
2 401 264 
2 770 904 
2 455 350 
2 692 282 
2 677 831 
2 233 177 
2 360 749 
2 885 955 
2 966 800 
2 266 510 
2 688 540 
2 642 695 
2 829 563 
2 836 162 
2 728 772 
2 656 128 
2 35 425 
2 32 841 
2 126 75 
2 474 154 
2 905 58 
2 682 616 
2 158 566 
2 570 123 
2 717 187 
2 985 404 
2 78 626 
2 450 906 
2 188 286 
2 67 915 
2 57 75 
2 395 443 
2 851 426 
2 635 977 
2 500 108 
2 130 756 
2 518 164 
2 371 675 
2 729 940 
2 150 446 
2 478 134 
2 849 556 
2 759 651 
2 461 298 
2 936 880 
2 213 344 
2 954 607 
2 138 804 
2 384 772 
2 132 235 
2 231 614 
2 990 100 
2 777 360 
2 127 505 
2 651 276 
2 302 128 
2 761 503 
2 683 871 
2 153 496 
2 168 440 
2 375 732 
2 135 680 
2 690 272 
2 483 73 
2 395 967 
2 659 977 
2 580 648 
2 77 708 
2 359 555 
2 564 9 
2 830 866 
2 137 942 
2 368 171 
2 164 520 
2 666 683 
2 959 392 
2 415 445 
2 71 104 
2 716 906 
2 529 462 
2 872 539 
2 790 803 
2 187 866 
2 510 545 
2 420 73 
2 906 601 
2 938 42 
2 894 657 
2 564 57 
2 176 230 
2 740 486 
2 621 506 
2 930 44 
2 961 997 
2 949 841 
2 810 820 
2 380 600 
2 622 566 
2 817 483 
2 462 589 
2 555 367 
2 541 845 
2 760 435 
2 501 324 
2 843 29 
2 905 934 
2 866 877 
2 439 148 
2 920 400 
2 144 868 
2 240 306 
2 39 619 
2 905 660 
2 536 721 
2 494 350 
2 661 401 
2 68 202 
2 245 180 
2 988 97 
2 503 830 
2 125 759 
2 116 991 
2 635 554 
2 138 555 
2 305 633 
2 422 897 
2 290 813 
2 867 194 
2 472 403 
2 267 318 
2 104 927 
2 718 171 
2 480 962 
2 702 467 
2 58 556 
2 649 535 
2 314 764 
2 877 949 
2 317 366 
2 855 974 
2 350 628 
2 870 640 
2 440 736 
2 833 264 
2 490 451 
2 581 593 
2 730 298 
2 116 209 
2 611 817 
2 28 20 
2 373 676 
2 554 38 
2 791 430 
2 986 459 
2 147 840 
2 432 497 
2 820 301 
2 136 259 
2 389 320 
2 522 878 
2 771 102 
2 823 852 
2 751 938 
2 412 361 
2 106 439 
2 381 830 
2 466 286 
2 868 256 
2 68 205 
2 715 214 
2 397 498 
2 710 216 
2 799 197 
2 474 187 
2 517 996 
2 416 639 
2 449 238 
2 490 200 
2 527 901 
2 560 633 
2 692 940 
2 814 157 
2 578 681 
2 765 645 
2 238 479 
2 858 634 
2 328 920 
2 849 126 
2 116 674 
2 664 632 
2 21 432 
2 270 470 
2 669 111 
2 669 548 
2 364 228 
2 180 55 
2 520 345 
2 563 97 
2 26 327 
2 93 263 
2 157 950 
2 248 485 
2 869 448 
2 962 985 
2 121 978 
2 968 142 
2 409 590 
2 611 429 
2 700 279 
2 976 415 
2 858 507 
2 821 729 
2 852 384 
2 177 229 
2 62 269 
2 843 571 
2 571 90 
2 407 791 
2 537 720 
2 127 657 
2 697 95 
2 150 457 
2 684 760 
2 238 735 
2 390 213 
2 150 600 
2 72 970 
2 680 275 
2 705 209 
2 503 119 
2 477 345 
2 41 399 
2 786 447 
2 190 322 
2 166 316 
2 330 215 
2 762 832 
2 671 445 
2 943 260 
2 532 685 
2 825 681 
2 284 896 
2 2 315 
2 522 59 
2 523 24 
2 529 352 
2 720 569 
2 102 505 
2 15 291 
2 178 532 
2 959 859 
2 746 720 
2 690 769 
2 517 985 
2 28 48 
2 669 204 
2 80 304 
2 99 433 
2 618 620 
2 843 493 
2 995 371 
2 844 66 
2 291 945 
2 922 657 
2 588 99 
2 189 898 
2 310 286 
2 969 351 
2 406 485 
2 335 786 
2 884 3 
2 989 315 
2 306 440 
2 100 276 
2 411 942 
2 768 406 
2 665 963 
2 471 955 
2 259 393 
2 612 846 
2 843 800 
2 95 504 
2 437 64 
2 855 843 
2 900 541 
2 980 136 
2 544 968 
2 450 201 
2 407 901 
2 476 818 
2 843 595 
2 575 507 
2 557 397 
2 813 816 
2 141 424 
2 13 984 
2 575 108 
2 839 12 
2 171 693 
2 206 422 
2 234 185 
2 557 129 
2 504 359 
2 681 263 
2 259 157 
2 80 453 
2 103 6 
2 311 660 
2 402 124 
2 827 543 
2 547 839 
2 878 474 
2 946 716 
2 485 468 
2 761 42 
2 242 346 
2 578 798 
2 826 81 
2 508 506 
2 343 767 
2 14 774 
2 571 117 
2 779 882 
2 776 533 
2 5 602 
2 427 903 
2 792 656 
2 376 90 
2 723 212 
2 909 483 
2 605 150 
2 180 182 
2 300 5 
2 263 807 
2 511 957 
2 925 524 
2 731 496 
2 640 861 
2 377 767 
2 745 733 
2 720 523 
2 987 512 
2 178 363 
2 601 901 
2 926 509 
2 735 531 
2 11 915 
2 64 310 
2 271 678 
2 116 133 
2 635 393 
2 9 717 
2 888 648 
2 929 616 
2 767 674 
2 700 486 
2 196 686 
2 349 726 
2 48 301 
2 626 326 
2 810 360 
2 856 172 
2 626 271 
2 481 897 
2 949 948 
2 29 935 
2 340 37 
2 651 579 
2 37 579 
2 194 803 
2 604 893 
2 640 152 
2 579 989 
2 877 978 
2 641 502 
2 303 450 
2 213 510 
2 621 839 
2 133 453 
2 735 81 
2 401 763 
2 15 740 
2 152 17 
2 319 188 
2 595 864 
2 342 551 
2 109 333 
2 702 39 
2 673 930 
2 16 314 
2 431 671 
2 115 995 
2 532 88 
2 833 664 
2 540 567 
2 96 940 
2 682 110 
2 32 185 
2 126 702 
2 372 73 
2 917 65 
2 623 25 
2 397 676 
2 63 70 
2 605 431 
2 383 387 
2 101 497 
2 381 984 
2 936 566 
2 648 476 
2 484 743 
2 767 165 
2 205 150 
2 701 330 
2 203 72 
2 754 120 
2 488 728 
2 144 885 
2 403 559 
2 306 359 
2 989 40 
2 97 441 
2 888 478 
2 424 824 
2 395 423 
2 299 878 
2 518 417 
2 395 722 
2 567 95 
2 403 121 
2 519 509 
2 240 6 
2 236 736 
2 890 991 
2 646 195 
2 349 634 
2 586 798 
2 426 474 
2 627 201 
2 297 21 
2 976 947 
2 898 493 
2 363 292 
2 566 281 
2 387 320 
2 402 905 
2 180 993 
2 262 416 
2 728 152 
2 406 373 
2 698 106 
2 358 284 
2 903 135 
2 757 529 
2 688 405 
2 549 663 
2 351 799 
2 507 713 
2 90 424 
2 346 828 
2 95 747 
2 84 275 
2 739 346 
2 690 819 
2 849 447 
2 543 546 
2 552 253 
2 181 455 
