20
200
2 3
4 14
16 14
19 45
20 9
21 9
23 53
25 10
29 167
30 191
32 11
33 35
34 156
36 128
39 3
40 73
41 8
42 175
43 13
44 133
50 13
51 131
52 196
55 3
56 74
58 14
60 5
61 14
62 70
63 54
54 8
64 45
45 12
66 81
67 94
68 79
72 13
73 6
75 180
77 27
27 165
78 14
79 14
80 166
81 194
83 90
84 49
86 126
87 57
88 5
90 14
94 15
95 14
96 200
97 169
98 15
99 170
100 120
101 8
103 172
104 3
105 8
106 13
108 137
109 10
110 11
111 13
112 11
113 8
114 74
117 6
118 11
119 13
120 8
121 65
65 28
28 7
122 6
123 176
124 102
125 6
126 85
85 8
127 6
130 14
132 7
133 74
74 12
135 131
131 13
139 172
141 170
145 174
146 69
69 71
71 18
18 129
129 15
15 144
147 9
149 12
151 8
154 107
107 180
155 70
70 6
156 9
157 116
116 153
158 142
142 11
159 76
76 165
160 128
128 7
161 14
162 91
91 9
163 134
134 6
164 138
138 13
165 169
166 13
167 200
168 48
48 1
169 92
92 148
148 24
24 11
170 11
11 13
171 144
172 14
173 9
174 144
144 7
175 12
176 137
137 6
177 14
179 59
59 150
150 7
7 153
153 93
93 46
46 17
17 9
180 9
181 1
1 182
182 6
6 136
136 178
178 10
183 152
152 12
185 115
115 26
186 5
187 10
188 82
82 3
3 5
5 22
189 193
191 13
192 12
193 89
89 22
22 49
49 8
194 26
26 102
102 184
184 9
195 140
140 10
196 53
53 12
197 35
35 12
12 10
10 57
57 37
37 9
9 8
8 13
198 38
38 31
31 143
143 47
47 13
13 14
199 14
14 190
190 200
97 94
176 152
112 152
27 126
195 91
191 91
128 143
9 46
177 10
59 3
77 78
64 117
66 164
110 8
37 94
196 127
32 36
187 52
99 141
197 58
38 141
175 171
178 60
162 94
107 111
104 152
105 181
74 152
2 51
20 134
134 36
82 126
126 133
34 151
96 79
116 25
119 141
127 153
16 75
161 189
189 130
184 152
25 152
39 148
151 179
145 56
33 84
121 1
146 114
115 181
56 152
79 193
21 152
192 71
129 15
40 193
86 5
88 102
92 36
41 183
142 94
57 36
131 141
63 173
186 46
7 78
6 141
22 78
49 36
132 111
72 153
24 78
12 141
102 36
100 163
163 80
80 23
158 153
139 188
194 170
135 153
1 13
13 36
113 153
160 152
198 23
58 111
111 133
108 171
171 141
95 183
174 5
109 90
199 50
50 68
68 44
44 180
180 193
193 29
55 91
81 133
190 36
122 155
155 75
154 51
51 153
164 91
168 103
103 136
42 138
138 78
67 30
30 130
53 8
8 23
14 152
70 159
159 91
140 43
43 153
185 4
4 141
130 15
148 141
10 71
18 118
118 124
15 19
19 150
150 93
93 78
5 78
78 141
120 29
183 152
156 91
90 29
29 23
52 133
188 173
173 153
182 152
62 144
144 167
167 23
23 136
136 147
147 73
73 89
89 91
75 91
54 124
124 85
85 153
153 47
47 169
169 46
166 106
106 133
165 87
87 48
200 181
69 46
45 11
11 94
94 181
181 101
123 83
3 141
28 133
83 157
157 101
101 84
84 36
179 48
48 170
170 26
26 91
125 17
17 46
60 143
143 133
76 117
117 133
133 46
46 114
114 98
98 91
91 36
36 141
65 172
172 35
35 61
61 137
137 141
141 152
149 152
152 31
31 71
200
1 187
16 3
17 26
18 67
19 12
21 137
26 78
27 175
28 2
29 7
34 188
35 6
37 196
38 24
24 12
39 89
40 15
15 12
43 92
46 74
47 5
49 10
50 13
51 117
53 69
54 8
55 13
57 102
59 14
60 14
61 122
63 8
64 11
65 7
68 10
69 14
75 9
76 7
78 11
79 11
80 123
81 188
82 66
83 11
86 167
87 10
88 11
91 13
93 13
94 177
95 6
96 12
97 41
41 56
56 92
92 85
99 2
100 4
102 66
66 31
31 12
103 23
104 134
105 4
110 90
90 13
111 12
112 174
113 4
114 72
115 106
106 22
116 85
117 9
118 6
121 85
85 12
123 12
124 12
127 8
128 159
129 8
130 3
132 3
136 159
139 9
140 10
141 12
142 5
143 9
144 8
146 30
30 11
147 9
149 167
150 48
151 52
152 11
153 77
77 6
154 98
155 98
98 101
101 109
109 120
120 135
135 42
42 126
126 62
62 23
23 9
157 8
158 11
159 10
160 7
163 32
32 11
164 5
166 52
52 48
48 9
167 2
2 10
168 5
169 74
74 138
138 4
4 14
170 67
67 12
172 134
134 145
173 148
148 175
175 8
176 9
178 156
156 14
179 107
107 13
181 12
12 33
183 13
184 84
84 14
185 73
73 9
186 122
122 89
187 180
180 22
22 3
3 33
33 182
182 9
188 71
71 11
11 13
189 20
20 9
190 13
13 9
192 58
58 25
25 14
193 7
195 161
161 145
145 133
196 10
197 174
174 177
177 162
162 125
125 89
89 10
10 6
198 7
7 108
108 6
6 131
131 5
199 70
70 36
36 45
45 165
165 14
14 44
44 9
9 5
5 8
8 171
171 72
72 133
133 194
194 137
137 191
191 119
119 200
124 69
112 94
89 48
44 96
27 133
191 173
48 184
189 52
80 97
177 23
66 45
117 153
98 60
172 93
93 133
37 157
196 193
193 133
99 19
73 111
137 181
84 46
38 141
175 72
143 50
134 36
162 141
114 170
144 152
105 152
74 158
20 36
82 78
163 23
116 46
50 152
16 91
30 23
184 78
25 78
39 139
151 45
11 34
145 78
121 10
146 46
115 78
159 141
147 141
79 182
21 153
192 133
129 32
32 107
107 19
19 13
86 97
88 176
170 34
34 35
35 133
41 128
142 43
57 176
7 56
56 141
6 133
22 90
49 176
132 119
87 131
131 101
103 13
72 91
24 153
100 13
13 133
139 133
194 133
113 36
8 67
180 36
160 94
198 94
47 67
95 91
17 46
174 133
138 181
61 91
29 36
199 59
59 78
55 91
81 10
167 118
190 178
106 78
136 161
161 153
122 40
154 40
40 92
92 186
186 102
102 108
108 187
187 1
1 2
2 128
128 91
168 36
42 78
67 46
53 23
140 77
77 78
185 181
148 178
178 118
118 91
10 97
97 46
18 181
15 111
111 4
4 176
176 152
5 96
96 133
183 43
43 109
156 150
150 52
52 36
188 91
169 164
164 152
62 155
155 141
54 133
133 64
166 141
26 33
33 152
165 127
127 91
200 158
158 157
69 75
75 101
101 94
94 64
64 85
85 91
45 68
68 78
78 141
123 195
195 91
31 141
141 91
28 104
104 9
9 152
83 23
125 14
14 109
109 58
60 46
76 90
90 182
182 70
70 135
135 157
157 46
46 153
65 23
23 63
63 153
153 171
171 181
149 51
51 110
110 126
126 130
130 152
152 197
197 91
91 181
181 36
36 120
120 119
119 58
58 179
179 173
173 3
3 12
12 71
200
16 179
17 153
18 87
20 150
21 5
22 19
23 192
25 150
26 13
28 11
29 13
30 8
31 102
32 13
34 185
37 135
39 24
24 6
40 6
41 19
19 2
42 14
45 4
47 156
48 108
49 13
50 15
52 13
53 13
55 3
56 7
57 46
46 12
58 79
59 166
60 168
61 38
38 115
64 14
66 10
67 6
68 11
70 144
71 14
73 5
76 14
77 86
78 36
36 1
80 10
81 13
82 10
83 13
84 10
86 12
87 101
89 13
90 10
91 169
92 13
93 5
96 12
97 14
98 6
101 11
102 11
105 123
106 131
107 13
108 143
110 171
111 182
112 1
1 33
33 104
113 114
114 13
116 12
117 9
118 10
119 27
121 13
122 186
123 5
127 124
128 11
129 109
109 5
130 65
65 181
132 10
133 196
134 124
124 10
135 10
136 140
137 13
138 15
15 156
139 12
140 10
141 12
143 5
145 9
146 62
62 3
148 94
94 10
149 79
79 120
120 10
150 14
151 11
152 7
153 14
154 8
156 11
158 7
7 6
160 3
161 11
162 13
164 115
115 74
74 11
165 63
63 4
166 11
167 14
168 99
99 5
169 11
170 88
88 8
171 8
172 11
175 12
176 75
75 14
177 12
178 12
179 157
157 13
180 13
13 125
125 72
181 173
173 27
27 14
182 85
85 14
183 174
174 14
187 11
188 147
147 142
142 12
189 12
190 11
191 186
186 11
192 10
10 44
44 8
193 100
100 6
194 95
195 155
155 3
3 126
126 2
2 144
144 69
69 14
196 12
12 131
131 184
184 14
197 95
95 163
163 185
185 35
35 159
159 8
198 104
104 72
199 103
103 5
5 43
43 8
8 72
72 9
9 4
4 14
14 11
11 54
54 51
51 6
6 200
112 62
89 136
44 146
195 167
191 181
101 27
128 28
9 167
48 141
80 78
177 141
59 36
35 170
77 141
66 165
98 108
37 93
93 153
196 153
32 27
27 97
187 152
126 176
137 164
118 63
84 141
38 193
178 141
143 141
162 94
107 23
114 73
73 133
104 25
144 148
105 18
74 172
172 87
82 152
34 46
96 153
116 78
51 29
68 152
127 181
30 152
161 121
184 110
110 124
39 46
151 141
11 46
145 141
33 46
121 133
146 92
157 141
56 46
159 15
19 141
147 181
192 133
129 152
40 153
92 78
170 78
57 139
131 171
155 141
63 61
7 120
6 85
22 124
124 64
64 142
49 132
132 141
103 133
72 91
24 46
12 189
100 141
158 200
139 181
113 194
8 78
180 186
186 181
160 163
163 54
198 46
58 60
43 194
194 46
108 46
47 17
173 141
4 193
193 164
95 133
17 46
174 133
61 181
109 91
199 2
2 94
150 79
79 46
81 25
25 102
102 46
167 152
190 78
106 23
136 152
122 36
164 78
42 23
23 153
53 94
14 78
70 141
185 87
87 111
111 78
130 20
20 176
148 78
10 152
18 86
86 181
15 78
5 115
115 36
120 36
183 78
52 133
188 16
16 152
182 133
169 133
62 168
168 141
75 141
141 135
135 119
54 156
156 189
189 152
85 13
13 152
166 90
90 152
69 78
45 55
55 138
138 133
123 133
31 78
3 200
200 78
28 46
46 197
197 36
83 88
88 153
179 21
125 154
154 94
94 1
1 97
97 29
29 50
50 152
60 133
133 171
171 26
26 152
76 21
21 140
140 165
165 117
117 67
67 36
65 142
142 119
149 41
41 181
181 99
99 36
36 119
119 91
91 176
176 152
152 78
78 134
134 175
175 153
153 71
200
16 15
17 14
18 98
20 7
21 110
23 114
24 13
26 112
31 59
32 131
33 176
35 9
37 13
38 196
39 10
40 71
42 12
45 58
46 49
48 15
51 10
52 8
53 1
1 69
54 43
55 169
57 82
58 34
34 13
60 192
61 13
62 10
63 4
64 106
65 8
66 14
67 199
68 3
70 98
71 161
73 131
74 159
75 11
77 13
78 12
79 193
80 11
81 12
82 12
83 10
84 10
85 10
86 188
88 15
89 36
36 14
90 41
41 130
93 182
94 98
95 187
96 142
97 72
72 12
98 43
43 10
100 180
102 142
103 187
104 3
107 2
108 14
109 5
110 10
113 11
114 8
115 184
116 13
120 165
123 13
128 15
130 2
2 11
131 142
132 189
133 126
126 76
76 12
134 135
136 14
137 14
138 10
139 105
105 11
141 165
142 12
143 3
144 12
145 6
146 30
30 127
127 117
117 12
147 13
148 10
149 8
150 101
101 121
121 29
29 5
151 8
152 154
154 44
44 92
92 25
25 47
47 179
155 56
156 19
19 112
112 11
157 22
22 3
158 3
159 12
160 178
161 91
91 11
162 9
163 3
164 9
165 4
166 13
168 50
50 15
15 14
169 28
28 118
118 111
111 5
170 8
171 9
172 6
173 6
175 9
176 3
3 7
178 10
180 174
174 153
153 8
8 56
56 69
69 9
181 49
49 122
122 14
182 5
183 10
185 119
119 6
6 59
59 14
186 14
14 194
187 11
188 196
190 9
191 135
135 7
193 179
179 192
192 9
9 12
194 184
184 5
195 5
5 189
189 12
196 12
12 27
27 125
125 4
4 87
87 99
99 177
177 197
197 140
140 11
11 124
124 13
13 167
167 129
129 106
106 7
7 10
198 10
199 10
10 200
112 193
89 152
44 40
195 23
191 7
128 132
93 141
48 22
35 144
77 171
64 188
117 91
98 141
172 60
37 46
196 68
187 133
126 104
73 84
118 193
175 46
178 36
143 124
124 50
134 99
162 15
114 11
104 66
66 141
105 28
74 141
2 46
20 176
82 131
163 36
34 152
96 149
116 94
51 40
68 14
127 171
111 67
16 78
161 141
184 133
25 83
39 78
151 133
11 133
145 46
33 46
13 46
121 45
115 193
157 110
110 152
56 32
32 160
147 85
79 40
21 69
192 138
129 119
119 133
40 99
99 46
88 75
170 138
41 69
142 94
155 97
63 152
186 181
7 46
49 78
132 36
87 26
103 141
102 130
139 141
8 193
160 97
97 78
171 138
198 123
58 1
1 30
30 133
43 108
47 152
173 152
4 46
95 57
57 78
174 130
138 133
61 94
29 133
109 153
199 59
59 113
113 72
72 133
55 141
150 46
81 36
167 92
92 100
100 177
177 181
190 36
106 122
122 197
197 19
19 9
9 137
137 62
154 107
164 27
27 22
22 78
168 101
101 94
42 94
67 133
53 169
14 159
159 78
70 91
140 94
185 91
130 176
148 141
18 38
38 193
193 152
15 80
80 24
24 6
6 181
5 36
120 91
183 153
156 153
52 91
188 94
94 23
169 46
75 90
90 136
136 36
36 107
107 50
50 91
54 84
84 158
158 152
85 181
166 46
165 12
12 153
153 144
144 152
200 152
152 179
69 78
45 60
31 91
3 108
108 23
83 62
62 28
28 91
91 133
179 26
26 181
125 181
181 123
123 133
60 133
133 189
189 135
135 176
176 146
146 86
86 182
182 76
76 17
17 78
78 194
194 141
141 10
10 180
180 131
131 23
23 46
65 46
149 46
46 71
200
2 106
18 1
24 10
25 10
26 45
27 19
19 8
31 22
22 12
32 3
33 9
34 89
35 107
37 11
38 3
3 186
39 93
41 92
42 11
43 194
46 81
48 10
49 70
50 111
51 11
56 10
57 89
58 179
59 55
55 128
60 191
66 9
70 52
52 170
73 109
74 11
76 12
77 12
79 23
23 30
30 8
80 8
85 14
86 7
87 6
88 4
89 10
90 12
92 5
95 10
97 13
98 69
99 116
100 5
102 13
103 4
104 9
106 61
61 7
108 12
110 6
111 14
112 9
113 63
63 164
114 14
115 9
116 12
117 12
120 29
121 101
101 15
122 15
123 179
124 119
119 166
126 13
127 29
29 11
128 83
83 154
129 12
130 7
131 69
69 125
125 173
134 91
91 192
135 181
136 9
137 64
139 13
140 12
141 5
142 14
143 36
36 109
109 8
145 13
146 14
147 177
148 11
149 82
150 14
151 13
152 64
64 192
153 14
154 13
155 75
75 93
93 14
156 40
40 54
54 11
157 72
72 1
1 13
158 5
159 96
96 67
67 169
160 10
161 132
132 171
162 11
163 68
68 16
16 8
164 53
53 62
62 7
166 7
167 47
168 8
169 11
170 5
5 133
133 4
171 9
173 21
21 45
45 175
174 13
175 9
9 14
176 6
178 107
107 179
179 199
180 7
181 11
182 138
138 10
183 11
184 84
84 8
8 118
118 10
185 11
186 4
4 17
17 15
187 20
20 28
188 13
189 12
190 6
191 65
65 165
165 12
192 15
15 12
193 11
11 12
194 10
195 78
78 10
10 14
196 105
105 81
81 14
197 7
7 172
172 14
198 14
199 12
12 47
47 44
44 14
14 28
28 177
177 144
144 6
6 82
82 94
94 13
13 71
71 200
97 131
44 124
93 46
9 46
48 27
27 126
189 36
35 101
101 133
77 94
64 91
66 157
117 155
98 78
172 94
94 200
37 147
32 19
187 78
99 179
73 151
118 46
84 51
38 6
175 78
107 46
114 157
104 62
144 162
162 8
105 3
34 16
51 153
127 120
111 186
16 78
30 133
161 133
25 128
128 59
59 36
39 36
13 152
121 23
146 153
115 176
157 46
56 133
19 181
21 46
129 141
40 50
86 103
88 181
170 141
41 176
142 91
131 74
74 23
63 133
7 153
6 152
22 91
49 20
20 185
132 152
87 91
103 133
72 133
102 177
100 92
92 193
158 193
139 62
194 12
12 148
1 141
113 177
177 78
8 145
145 122
180 133
160 23
171 50
50 135
135 156
43 159
159 28
108 54
47 91
173 82
95 141
17 133
174 181
138 152
61 110
110 186
186 36
109 141
199 152
55 182
150 78
81 11
167 152
190 141
106 82
82 28
136 152
122 141
154 91
164 147
147 152
168 152
42 149
67 78
53 119
119 124
124 141
14 181
70 192
192 96
96 15
140 46
185 198
198 5
148 78
10 116
116 112
112 36
18 143
143 2
2 23
15 23
5 137
120 36
156 78
90 181
181 58
58 176
188 91
169 191
191 126
126 52
52 141
75 91
91 152
54 178
178 155
155 62
62 134
134 23
85 78
166 4
4 46
26 78
165 33
33 36
36 24
24 46
200 78
69 176
176 89
89 193
45 195
195 80
123 141
31 133
3 153
28 163
163 130
130 133
83 193
193 133
179 78
78 133
125 46
60 184
184 46
46 152
76 57
57 151
151 152
65 23
23 183
183 152
149 196
196 133
133 137
137 197
197 152
152 80
80 182
182 29
29 153
153 11
11 79
79 141
141 68
68 71
200
1 192
2 6
16 157
18 118
19 78
20 12
27 11
28 79
29 65
30 3
32 21
33 11
34 179
35 55
36 14
37 118
38 186
39 7
43 176
45 4
46 8
48 31
31 14
52 11
53 12
54 10
55 10
56 9
58 12
59 193
60 6
63 24
24 116
66 13
68 12
69 97
70 6
71 57
57 12
73 6
74 7
75 110
77 9
78 175
79 103
80 8
81 14
82 11
84 193
85 14
86 13
87 8
88 11
90 106
92 14
93 14
94 13
95 50
50 12
96 11
98 10
99 107
100 13
101 12
103 14
104 3
106 8
107 176
109 9
110 123
111 11
112 116
113 12
114 196
116 10
117 108
118 83
83 13
122 14
123 9
124 8
125 4
126 40
40 26
26 23
23 10
127 14
129 115
115 65
65 162
130 25
25 47
47 187
131 7
132 13
134 7
135 133
133 9
136 152
137 7
7 15
138 5
139 21
21 5
5 42
42 14
140 13
141 76
76 3
142 8
8 12
145 12
146 12
147 14
149 51
51 89
89 41
41 13
150 189
151 97
152 91
91 15
153 128
128 12
154 10
155 14
157 10
158 14
159 9
160 15
15 120
162 72
72 11
163 12
164 14
165 6
166 61
61 4
168 13
169 174
170 14
171 22
22 10
172 11
173 144
144 14
175 186
177 9
179 62
180 148
148 12
181 3
182 119
119 9
184 108
108 186
185 17
17 102
102 13
186 156
156 13
187 62
62 176
176 12
188 44
189 178
178 13
190 105
105 13
13 120
120 183
183 49
49 64
64 3
191 121
121 4
4 192
192 11
193 11
194 11
11 6
195 10
196 174
174 14
197 9
9 44
44 161
161 3
3 14
14 143
143 67
67 10
10 12
198 12
12 97
97 167
167 6
199 6
6 200
124 28
97 153
112 168
44 24
27 184
195 133
189 78
80 25
177 163
59 94
77 191
64 78
66 91
117 162
110 152
98 24
172 200
37 23
99 188
126 176
73 36
118 35
35 152
178 78
143 133
134 46
162 46
107 62
104 133
144 83
105 153
20 93
93 103
34 141
116 133
50 129
51 153
68 114
114 133
127 153
111 23
16 7
161 91
184 52
25 41
39 36
151 152
11 78
33 83
13 152
121 141
146 36
115 78
56 131
19 152
147 152
79 141
21 69
192 133
40 78
86 46
88 155
92 141
41 133
142 152
131 94
155 36
186 188
7 91
6 139
22 78
49 103
132 133
103 60
72 46
24 74
74 145
145 141
158 152
139 91
194 36
135 176
1 196
196 48
48 128
128 152
113 152
180 87
87 163
163 70
160 9
9 137
137 38
38 23
171 141
198 150
43 58
58 91
108 106
47 23
173 193
4 181
95 191
191 181
181 187
187 152
17 141
174 30
30 94
138 36
36 133
109 133
199 133
55 152
150 175
175 157
157 32
32 141
81 123
167 129
190 159
159 193
106 8
8 133
136 46
122 152
154 46
168 152
42 91
67 193
193 133
53 119
119 78
70 133
140 152
185 153
130 63
148 176
18 141
15 90
5 46
120 101
101 46
183 78
156 29
29 152
52 200
182 91
62 2
75 23
23 133
54 94
85 12
12 91
26 63
63 200
165 89
89 170
170 141
200 164
164 141
69 2
2 188
188 133
45 197
123 169
169 141
31 57
57 141
141 102
3 166
166 84
84 82
82 94
83 100
100 176
176 28
28 78
179 78
125 78
78 153
60 46
76 90
90 152
65 91
91 197
197 14
14 94
94 152
152 61
61 96
96 46
46 133
133 102
102 129
129 10
10 153
149 153
153 71
200
16 43
17 6
21 168
22 13
23 42
24 5
28 52
29 14
30 13
33 19
19 9
37 142
38 56
41 13
42 2
46 94
47 11
48 90
49 139
50 25
25 18
51 9
53 12
54 6
55 1
57 121
59 12
60 103
61 108
62 136
63 105
64 11
65 8
67 14
68 15
69 9
70 167
72 14
73 108
76 10
77 5
78 9
82 14
83 98
84 15
85 190
87 166
88 5
89 191
91 119
92 12
93 11
94 8
97 11
98 71
71 172
99 149
100 15
101 6
102 155
103 80
80 36
36 142
104 18
18 14
108 9
109 35
35 11
110 6
111 13
112 13
113 146
116 173
117 12
118 190
119 183
120 175
121 5
123 5
126 199
127 9
130 52
131 2
132 13
133 122
122 44
134 5
135 74
74 6
136 148
137 14
138 7
139 52
52 20
20 7
140 14
141 7
143 14
144 12
147 32
32 27
27 34
34 4
148 145
145 7
149 6
150 12
151 90
90 40
40 13
152 6
153 13
154 107
107 66
66 5
157 6
6 75
75 1
158 1
1 43
43 14
159 13
160 7
161 7
162 7
163 125
164 9
168 10
170 12
171 180
172 13
173 155
155 128
128 31
31 8
175 10
176 95
95 56
56 169
169 178
178 45
45 44
44 10
179 58
180 4
181 129
129 125
125 165
165 14
182 10
183 5
184 14
185 105
105 3
3 86
86 39
186 39
39 156
156 177
177 106
106 13
187 13
13 9
9 81
81 26
26 15
15 7
188 11
189 14
190 166
166 8
191 7
192 10
194 14
195 114
114 2
196 115
115 96
96 193
193 14
197 7
7 167
167 124
124 174
174 11
11 5
5 10
10 2
2 14
14 146
146 58
58 79
79 4
4 8
198 8
8 12
199 142
142 12
12 200
112 99
89 153
191 18
101 141
128 187
93 181
80 178
177 152
59 141
64 27
27 91
98 138
172 107
32 141
187 97
73 79
137 78
118 192
84 95
38 9
9 44
175 91
143 133
134 153
162 124
114 100
144 181
105 41
74 176
2 47
20 57
82 78
163 36
96 152
116 193
50 91
51 10
119 152
127 63
30 46
161 181
184 91
11 152
145 40
33 193
13 31
146 148
115 133
157 3
159 12
19 133
147 78
79 36
192 78
129 68
68 183
40 37
86 193
88 153
92 154
170 39
39 110
110 138
41 44
44 152
142 91
186 117
117 78
7 153
6 141
22 141
49 199
103 156
72 133
24 31
12 166
102 52
100 181
139 111
111 149
1 91
113 178
160 97
171 141
198 158
158 197
58 181
43 181
108 153
47 150
173 152
4 23
95 178
178 195
195 23
17 152
174 23
61 152
29 133
55 77
77 189
189 66
66 176
150 109
109 23
167 153
190 133
106 56
136 196
196 141
122 153
168 141
42 155
155 34
34 181
67 153
153 16
16 124
53 124
124 99
99 152
14 141
70 23
140 23
185 23
18 135
5 81
81 46
120 133
183 75
156 141
52 154
154 8
8 35
35 36
188 46
62 21
21 107
107 15
15 169
169 126
126 197
197 46
75 104
54 176
176 180
180 135
135 130
130 152
85 46
166 181
26 152
165 57
57 94
94 121
121 91
200 37
37 164
164 182
182 131
131 141
69 141
141 91
91 151
151 48
48 193
193 23
45 78
123 152
31 194
194 36
3 23
28 46
179 152
125 132
132 97
60 87
87 56
56 83
83 152
76 23
23 10
10 148
148 90
90 78
78 181
181 46
46 97
97 152
152 199
199 104
104 25
25 63
63 36
65 36
36 133
149 138
138 133
133 71
200
17 32
18 11
19 33
21 9
22 199
23 13
24 10
25 6
27 61
29 158
33 11
34 9
36 8
38 10
40 4
42 12
43 131
44 6
46 7
48 14
49 113
50 60
54 12
56 78
57 87
60 184
62 12
66 5
68 1
69 6
70 71
73 3
74 11
75 11
77 39
78 12
79 20
81 58
83 7
84 28
85 121
86 30
30 14
88 197
90 76
76 10
91 87
87 52
52 82
82 10
92 6
94 14
95 182
96 10
98 9
99 8
101 37
37 14
102 14
103 128
106 166
107 13
108 59
59 14
109 10
110 13
112 3
3 9
113 5
5 115
114 195
115 7
116 63
118 6
119 14
120 9
122 129
123 191
126 165
128 6
129 161
131 12
132 35
35 58
134 117
117 8
135 197
136 93
93 9
137 67
67 196
139 189
140 12
141 4
4 9
142 58
58 190
143 7
144 12
146 14
148 179
149 61
61 89
89 14
151 6
152 16
153 147
147 104
104 10
154 7
155 13
156 32
32 80
80 9
157 133
133 13
158 10
159 7
161 125
125 64
64 14
162 14
163 188
165 65
65 111
111 130
130 2
2 127
127 14
166 14
167 14
168 184
169 124
124 9
9 13
170 13
171 12
172 13
173 10
10 138
174 121
175 20
20 12
177 8
178 11
179 145
145 11
180 8
181 100
100 14
182 176
176 121
121 14
183 164
184 41
185 71
71 72
186 14
187 14
188 26
26 55
55 11
190 8
191 11
192 45
45 97
97 14
193 72
72 41
41 47
47 39
39 194
194 11
11 16
16 14
195 138
138 13
13 105
105 164
164 63
63 51
51 12
196 12
197 160
160 189
189 1
1 6
6 7
7 31
31 14
14 200
198 150
150 12
12 28
28 15
15 199
199 8
8 53
53 200
89 77
44 78
27 64
191 91
101 180
128 141
93 124
9 153
189 74
177 42
64 78
66 91
110 36
172 46
196 176
187 133
99 171
197 153
73 23
118 152
84 49
38 105
134 133
107 184
114 146
105 26
2 133
34 181
116 68
50 153
51 46
127 94
111 78
16 78
161 37
184 133
25 195
151 104
145 23
33 80
13 100
121 59
59 152
115 76
56 30
30 46
159 53
19 178
178 11
11 46
79 153
21 152
192 85
40 46
86 91
92 36
170 98
98 152
41 152
131 8
155 148
63 141
186 144
144 152
7 46
22 141
49 94
94 91
132 181
181 87
87 125
103 97
97 20
24 153
12 152
102 91
158 149
139 3
1 130
8 153
180 14
171 133
198 117
117 104
43 72
72 36
108 76
47 147
147 91
173 96
96 60
95 143
143 133
17 176
176 91
174 104
104 31
138 23
61 133
29 152
199 62
150 74
74 157
157 152
81 153
190 112
106 55
55 142
142 46
136 23
122 141
154 77
77 39
39 91
164 58
58 141
168 46
42 23
67 135
135 82
82 152
53 152
14 45
70 163
163 6
6 160
160 23
140 113
113 152
130 37
37 152
148 26
10 194
194 91
91 141
18 141
15 133
5 141
120 46
46 4
183 100
156 195
195 133
90 36
52 78
182 109
109 78
169 36
62 88
88 152
75 188
188 100
100 152
54 185
85 32
166 68
68 119
26 152
165 152
200 48
48 162
162 78
69 36
45 78
31 126
126 129
129 152
3 119
119 32
32 137
137 152
28 179
83 78
78 112
112 152
179 4
4 141
141 57
57 185
185 20
20 175
175 133
125 133
60 146
146 123
76 124
124 153
153 23
23 35
35 152
152 71
65 167
167 133
133 80
80 193
193 149
149 36
36 123
123 71
200
2 76
16 1
1 14
17 113
18 140
20 83
21 9
22 11
23 120
25 11
26 8
29 160
31 13
32 12
33 39
37 10
38 14
39 180
41 12
43 14
44 7
45 10
47 7
48 14
49 12
50 10
51 10
52 182
54 36
36 175
58 12
59 10
61 112
62 46
46 67
63 24
64 8
65 175
69 9
70 170
74 14
75 13
76 3
3 127
77 10
81 67
67 9
83 10
84 12
85 134
86 153
88 56
56 6
89 167
90 131
94 8
95 10
96 12
97 34
34 10
101 66
102 68
68 5
104 73
105 11
106 11
107 114
108 12
109 142
110 42
42 14
111 10
112 7
113 78
78 14
114 73
73 35
35 12
115 57
57 11
116 123
117 12
119 178
120 175
121 91
91 10
122 19
19 10
123 156
124 5
125 93
93 99
99 132
126 87
87 13
129 103
103 170
130 9
132 28
28 170
133 163
134 12
136 197
137 158
138 13
139 15
140 118
141 9
142 40
40 7
143 9
144 30
30 118
145 12
147 92
92 15
15 11
148 187
150 10
151 5
152 5
153 14
154 4
155 14
156 79
79 8
157 8
158 131
160 128
128 9
161 118
118 5
162 149
163 100
100 11
164 6
165 6
6 8
166 131
131 10
168 14
169 11
171 80
80 170
170 98
98 178
172 194
174 13
175 13
176 12
177 71
178 146
146 24
24 10
179 159
180 11
182 7
184 11
11 55
55 10
186 7
187 71
71 14
188 127
127 27
27 149
149 66
66 13
189 53
190 195
192 198
193 7
7 82
82 72
72 13
194 191
191 167
195 183
183 14
14 60
60 9
9 4
4 53
53 173
173 167
167 5
5 181
181 159
159 12
196 13
197 12
12 10
198 13
199 185
185 135
135 8
8 13
13 10
10 200
97 30
112 124
124 152
89 49
44 17
195 145
191 91
101 78
128 102
9 78
48 36
177 53
35 141
77 133
64 37
98 46
172 152
37 75
32 133
99 152
197 23
126 46
137 23
118 152
84 133
38 46
175 46
178 85
134 110
110 52
104 133
144 46
74 22
2 73
73 96
20 93
82 46
163 52
50 91
51 5
111 152
16 141
30 94
94 113
161 46
151 36
145 91
33 46
13 133
121 152
115 136
157 107
107 153
56 10
79 171
21 36
192 46
129 133
92 66
66 46
170 34
142 116
116 181
57 127
131 78
155 78
63 132
186 133
7 138
6 187
187 152
22 46
49 23
132 184
184 152
87 179
103 117
117 133
72 114
114 78
12 139
102 36
100 169
158 52
139 159
159 46
194 27
27 46
135 164
1 181
180 147
147 86
86 198
160 146
146 127
127 41
41 5
198 91
58 80
80 5
47 140
173 133
4 76
95 42
17 141
174 193
138 24
61 91
29 196
196 23
109 91
55 59
59 24
150 133
167 19
19 193
193 78
190 69
106 46
136 181
122 181
154 152
164 176
168 152
42 25
25 36
53 36
14 171
70 8
8 91
140 24
24 181
185 81
130 88
88 78
148 153
18 153
153 36
36 171
171 46
15 43
43 78
120 39
39 5
5 40
40 169
183 141
90 141
52 141
188 133
182 68
169 199
199 93
93 133
62 67
75 78
85 23
26 78
78 162
162 46
200 23
69 143
45 152
123 113
113 189
189 81
81 34
34 141
31 143
143 125
28 65
83 23
23 11
11 119
119 141
179 3
3 10
125 166
166 152
152 105
105 91
91 176
176 68
68 156
156 10
10 181
181 54
54 67
67 133
60 141
76 133
133 46
65 141
149 165
165 108
108 96
96 141
141 46
46 71
200
1 14
15 10
16 186
21 11
22 12
23 14
24 171
25 17
17 20
20 14
27 8
28 4
29 14
30 9
32 159
33 12
35 157
37 12
40 197
41 34
34 14
42 12
43 149
45 39
46 4
47 11
48 151
49 18
50 8
51 104
52 156
56 10
63 193
64 159
65 44
44 6
66 105
68 11
69 176
71 9
73 77
74 10
76 98
77 58
78 6
79 72
72 142
81 7
82 11
84 26
26 54
85 12
87 12
88 11
89 10
90 36
36 171
92 141
93 14
94 12
95 11
96 14
99 9
100 12
101 98
104 67
67 168
105 8
106 13
107 91
91 11
108 147
109 75
110 59
111 7
112 54
54 83
83 198
115 133
116 19
19 8
119 10
120 39
39 59
59 9
121 168
123 179
125 5
126 13
127 7
128 5
129 10
130 3
132 13
134 122
122 70
70 6
135 12
136 8
137 12
138 8
140 58
58 164
141 186
142 165
144 3
146 2
2 14
148 6
6 200
149 55
55 75
75 14
150 3
151 11
152 10
153 188
154 97
97 187
155 14
156 5
157 10
158 14
160 12
161 11
163 11
164 13
166 12
169 98
98 60
60 5
5 80
80 4
172 11
173 3
174 11
175 3
176 13
181 159
159 12
182 13
183 131
131 167
167 139
139 12
184 179
179 57
57 117
117 14
185 18
18 10
186 12
12 3
3 10
187 103
188 14
189 4
4 8
190 11
191 145
145 143
143 11
193 86
86 171
171 113
113 13
13 8
194 7
195 8
196 180
180 11
197 11
11 177
177 7
7 103
103 53
53 178
178 147
147 102
102 38
38 8
198 10
199 162
162 9
9 168
168 118
118 124
124 62
62 133
133 8
8 170
170 31
31 14
14 114
114 10
10 192
192 61
61 165
165 200
124 152
193 46
112 200
191 78
101 133
128 152
93 120
9 89
89 195
195 152
189 36
80 176
177 152
59 91
77 67
64 133
117 168
98 133
196 76
32 66
66 152
187 133
99 81
126 37
73 176
137 78
118 190
84 44
38 36
175 142
178 164
107 46
20 83
82 67
163 197
197 153
34 57
116 78
50 188
68 91
127 161
111 46
30 40
161 104
184 153
25 119
119 138
151 23
11 78
33 48
48 134
13 133
146 133
115 78
157 46
56 110
110 120
19 174
147 152
79 133
21 78
192 152
86 91
88 133
92 40
142 96
96 18
57 36
131 141
155 159
159 78
63 55
186 16
7 144
6 23
22 134
134 145
145 65
87 58
103 27
27 36
12 46
102 37
37 144
144 91
100 18
139 62
135 181
1 141
113 23
8 181
180 46
160 94
198 141
43 158
158 51
51 153
108 133
47 36
173 133
4 36
17 104
104 185
174 200
138 130
29 94
199 97
97 152
150 153
153 71
81 162
162 16
16 152
167 94
190 78
106 46
136 45
122 129
129 69
154 152
164 181
168 46
42 152
53 133
14 78
140 78
185 141
148 133
15 40
40 105
105 181
181 39
39 176
183 78
156 94
90 78
52 94
188 141
54 67
67 133
85 141
166 171
171 10
10 95
95 133
26 62
62 114
114 72
72 152
165 44
44 46
200 133
133 94
94 46
69 41
45 152
123 176
176 36
31 78
3 109
109 61
61 78
83 121
121 120
120 49
49 141
141 36
179 23
125 36
60 75
75 78
76 78
78 182
182 23
23 41
41 143
143 169
169 55
55 170
170 172
172 36
65 46
149 70
70 91
91 18
18 24
24 194
194 2
2 58
58 36
36 5
5 35
35 152
152 132
132 46
46 28
28 74
74 130
130 71
200
2 103
15 12
16 123
17 3
18 12
19 64
20 5
21 115
22 14
23 7
24 83
25 95
27 64
28 14
29 53
31 11
32 169
33 184
34 9
35 14
38 14
40 13
42 114
43 164
44 11
49 12
51 61
53 4
54 14
58 12
59 95
60 103
62 193
63 8
64 6
65 39
39 14
66 12
67 5
69 11
70 13
71 6
74 109
76 7
77 137
78 10
79 178
80 45
45 7
81 145
82 7
86 12
87 10
88 3
89 4
91 136
92 7
93 12
94 11
96 8
98 121
99 6
104 8
105 123
107 85
108 8
109 106
106 6
110 11
111 192
112 10
113 101
101 198
114 10
115 12
116 9
117 146
118 4
119 10
121 6
122 103
123 7
124 12
125 148
126 5
128 127
127 169
129 57
57 14
130 183
132 145
133 9
134 11
135 37
37 13
136 9
137 14
138 26
26 61
140 100
100 4
141 154
142 5
143 52
52 61
61 7
144 189
145 46
46 97
97 14
146 55
55 6
147 9
149 120
120 85
85 14
150 7
151 6
152 10
153 14
154 5
157 8
158 7
159 4
160 10
161 8
162 3
163 166
164 41
41 179
166 8
167 177
168 36
36 13
169 47
47 30
30 11
170 12
171 148
148 12
172 50
50 12
173 13
174 95
175 90
90 12
176 180
178 7
179 68
68 12
180 6
181 10
182 12
183 177
184 73
73 13
185 7
186 10
187 12
188 8
189 1
1 12
190 7
7 194
191 9
192 12
193 56
56 14
194 139
139 177
177 165
165 84
84 3
3 155
155 10
195 9
196 95
95 72
72 9
197 13
13 103
103 14
198 6
199 14
14 4
4 12
12 9
9 83
83 10
10 131
131 11
11 5
5 102
102 6
6 8
8 48
48 156
156 75
75 200
97 41
193 133
112 139
89 94
44 133
27 82
195 181
191 87
101 152
128 23
93 145
9 21
189 82
80 152
177 143
35 78
77 15
64 26
66 91
117 152
172 152
196 141
187 132
99 185
197 78
84 133
175 74
143 176
134 152
104 133
144 21
105 41
2 83
20 36
82 153
163 37
37 152
34 133
96 181
50 78
51 141
68 153
111 186
30 23
161 173
184 46
25 169
39 126
126 23
151 109
11 23
121 133
146 46
115 94
157 176
159 47
19 23
147 133
79 78
192 36
40 100
86 153
142 36
57 139
155 13
63 36
186 131
131 153
7 78
6 28
22 46
49 92
92 65
132 46
87 133
103 91
72 199
24 176
12 46
100 153
158 41
139 23
194 133
135 150
1 181
8 113
113 15
180 114
114 152
160 166
198 109
58 91
43 78
108 98
98 141
47 91
173 152
4 48
48 74
17 88
88 176
174 122
138 181
61 178
178 74
74 23
29 123
109 73
73 129
129 152
199 162
162 153
55 91
81 102
102 13
13 152
167 23
190 153
106 46
136 152
122 181
168 36
42 23
67 176
53 46
14 36
70 94
140 148
185 32
32 62
148 36
10 182
18 110
110 141
15 137
137 59
59 78
5 133
120 150
150 133
183 38
38 133
156 141
90 21
52 56
56 133
188 75
169 23
62 116
116 133
75 153
54 46
85 133
166 182
26 127
127 141
165 23
200 46
69 133
45 36
123 124
124 133
31 23
23 179
3 91
28 133
83 107
107 152
179 95
95 182
182 130
130 33
33 94
94 154
154 46
125 91
60 21
21 119
119 91
76 141
141 41
41 152
65 153
149 152
152 176
176 133
133 91
91 145
145 46
46 171
171 78
78 181
181 170
170 153
153 36
36 118
118 164
164 16
16 71
200
1 13
18 29
20 109
22 4
25 13
26 150
27 11
28 11
32 82
33 14
34 9
36 11
37 13
38 14
39 83
40 118
42 11
44 114
47 13
49 163
51 5
57 11
58 3
59 41
41 7
61 53
53 11
62 9
63 189
65 182
68 69
69 60
70 15
71 10
73 50
50 122
75 11
76 99
78 3
79 106
80 152
82 4
84 35
85 9
86 74
74 198
87 101
88 16
16 14
89 11
92 46
46 152
93 19
19 170
94 14
95 174
97 12
100 13
101 21
21 10
102 168
103 141
105 11
107 9
108 157
111 14
112 4
4 106
106 173
113 158
114 54
54 3
115 9
116 64
64 66
66 91
91 7
118 52
52 12
124 98
125 10
126 7
127 12
129 7
130 12
135 6
136 10
137 29
139 83
140 13
141 3
143 14
144 77
77 72
72 13
145 60
60 189
146 9
147 13
148 14
149 9
151 14
152 13
153 17
17 8
154 14
155 11
157 5
5 98
158 11
159 161
160 2
2 31
31 6
161 12
162 35
35 150
150 56
163 123
123 12
164 99
99 12
165 13
166 13
167 138
138 7
7 3
3 198
168 8
169 181
171 156
156 10
172 132
132 10
173 128
128 131
174 133
133 15
15 110
110 119
175 199
176 96
96 109
178 194
180 23
23 119
119 10
181 10
182 120
120 6
183 98
98 177
177 12
185 8
8 10
187 184
184 90
90 45
45 6
188 122
122 117
117 179
179 13
189 186
186 56
56 29
29 81
81 12
190 131
131 142
142 121
121 109
109 11
191 11
11 48
48 134
192 14
193 9
194 12
12 13
196 30
30 83
83 104
104 67
67 13
197 55
55 10
10 195
195 14
14 6
6 43
43 134
134 24
198 13
199 24
24 9
9 170
170 13
13 200
124 141
44 177
195 186
101 176
9 141
48 167
189 78
80 78
77 11
64 152
66 91
110 78
98 141
172 152
37 145
196 24
187 78
197 132
137 141
84 140
175 181
114 78
104 94
144 32
32 23
74 143
143 78
2 91
20 123
163 85
116 50
50 105
51 193
68 46
127 38
38 158
16 46
30 86
184 94
25 131
39 106
11 161
161 117
33 91
13 111
111 65
121 92
146 112
112 152
115 78
157 73
73 106
19 27
27 5
147 152
79 90
21 152
129 141
88 191
191 46
92 18
170 174
41 78
57 91
155 168
63 152
6 176
22 131
131 156
49 42
132 134
134 94
87 91
103 100
24 34
34 159
159 23
100 178
178 133
194 40
135 46
1 171
113 133
180 23
160 133
108 153
47 46
173 177
95 145
17 141
174 94
61 152
29 176
176 119
119 141
109 105
105 123
199 91
55 141
150 152
81 91
190 133
106 141
136 89
89 36
122 152
154 78
168 181
181 40
42 78
67 14
53 97
97 35
35 153
14 133
70 117
117 167
167 58
58 139
139 133
140 86
86 133
185 141
130 141
148 4
4 23
10 94
94 65
18 36
15 54
120 164
164 46
183 198
198 46
156 8
8 171
171 107
90 193
193 7
7 151
151 149
52 192
192 186
188 179
169 128
128 12
75 46
54 46
85 102
102 153
166 40
40 182
182 133
165 36
36 78
69 26
26 56
56 126
126 153
45 158
158 72
72 62
62 141
123 200
200 107
107 177
177 12
12 133
31 23
23 138
138 82
82 186
186 78
3 78
78 118
118 43
28 152
83 91
179 133
133 141
60 59
59 145
145 142
142 96
96 141
76 162
162 46
46 125
125 152
152 153
153 99
99 43
43 93
65 141
149 93
93 91
91 5
5 141
141 71
200
17 14
20 14
21 191
22 11
23 14
24 158
26 8
27 120
29 12
30 9
34 13
35 18
18 9
36 6
38 171
39 180
41 6
42 14
43 147
44 12
46 58
49 148
50 14
51 101
52 154
53 11
56 11
57 14
58 55
55 19
19 1
59 9
61 125
62 8
64 99
66 13
67 54
54 168
68 76
69 13
70 139
71 144
72 9
73 176
74 37
37 11
75 12
76 10
77 15
78 10
79 159
80 11
82 11
83 3
84 94
85 13
86 13
89 32
32 12
90 116
91 11
93 13
94 13
95 9
99 163
101 154
102 108
103 10
104 10
106 12
111 15
15 114
113 108
108 158
114 8
115 1
116 7
118 159
119 112
112 63
121 10
122 10
123 28
124 11
125 25
25 14
126 8
128 11
129 5
5 197
130 7
131 171
133 3
3 2
135 105
105 97
97 6
136 7
137 127
127 9
139 13
140 47
47 81
81 13
141 138
138 48
48 4
144 6
145 98
98 87
87 10
147 96
148 12
149 10
151 31
31 110
110 14
152 12
153 9
154 8
155 11
156 143
157 11
158 12
159 6
6 13
160 11
161 181
162 100
100 187
163 188
165 60
166 4
167 142
142 182
168 182
169 10
170 195
171 8
172 14
173 40
40 60
174 11
175 11
177 63
63 10
178 13
179 12
180 10
181 134
134 8
182 109
109 143
143 11
183 14
184 150
150 12
186 107
107 1
1 11
187 132
132 16
16 117
117 194
188 13
189 185
185 146
146 12
190 13
191 14
193 192
192 45
45 10
194 92
92 12
195 11
11 14
196 96
96 4
4 2
2 120
120 12
12 33
33 9
9 164
164 13
197 28
28 7
198 60
60 14
14 7
7 199
199 13
13 65
65 88
88 10
10 8
8 176
176 200
89 152
195 152
191 3
101 45
128 152
93 42
48 36
189 102
177 133
59 91
66 141
117 44
44 91
110 153
172 120
37 75
32 153
187 152
99 55
197 133
73 104
84 150
38 152
175 92
178 122
143 78
107 78
114 152
104 162
162 27
27 97
144 91
74 135
2 36
82 86
34 141
96 134
134 18
116 30
50 141
51 95
68 29
119 91
127 188
111 98
98 78
16 133
30 46
161 193
184 46
25 67
39 78
11 42
145 105
33 79
13 141
121 36
157 77
77 133
56 103
159 78
147 141
79 141
21 91
86 140
92 122
170 63
41 46
142 46
131 133
6 193
193 132
49 63
63 78
132 36
87 124
103 23
24 67
12 22
22 20
100 46
158 46
139 80
194 78
135 9
9 152
1 36
8 78
180 181
181 76
160 23
171 120
58 94
108 97
97 57
57 133
47 153
173 23
95 113
113 91
17 141
174 137
137 151
151 141
29 4
4 118
118 176
109 153
55 40
40 146
146 46
150 192
81 133
190 46
106 35
35 7
7 152
136 133
122 91
154 141
164 78
168 61
42 78
67 129
129 153
153 141
53 78
14 54
70 88
88 69
140 19
19 105
130 176
148 138
138 85
10 85
18 46
15 125
5 36
120 152
183 196
196 94
94 78
156 78
90 20
20 46
52 141
182 133
169 46
62 43
43 36
75 186
186 61
61 78
54 152
85 167
167 133
166 155
155 124
26 78
200 198
198 112
112 72
72 179
69 141
45 165
165 199
199 133
123 141
31 152
3 28
28 126
126 46
83 78
179 133
125 78
78 152
60 192
192 176
176 124
124 102
102 133
133 64
64 91
91 185
185 141
76 80
80 23
65 105
105 152
152 23
23 149
149 141
141 163
163 115
115 46
46 36
36 188
188 71
200
17 11
18 14
19 14
21 8
23 2
2 155
24 87
28 13
31 16
41 4
44 140
45 195
46 13
49 83
50 10
53 4
55 56
56 6
58 14
60 13
61 130
62 22
63 13
64 4
65 36
36 10
67 54
54 11
68 5
69 9
70 12
71 12
72 20
20 11
73 107
75 132
77 10
78 52
52 42
80 159
82 198
83 13
84 6
87 173
88 29
29 9
89 6
91 34
34 12
93 47
47 11
94 5
95 6
97 86
99 90
90 11
102 196
104 42
42 37
37 191
105 162
106 168
107 6
108 38
110 96
96 11
111 13
112 11
113 13
114 5
115 12
116 26
26 137
117 9
118 6
119 38
38 32
32 12
120 11
124 132
126 160
128 8
129 11
130 25
131 11
133 39
134 14
135 12
136 12
140 7
143 13
144 11
145 183
146 3
147 122
122 7
148 13
149 109
109 30
30 9
151 12
152 14
154 12
155 12
156 4
157 79
158 12
159 153
153 138
138 163
160 92
92 10
161 74
162 35
163 86
86 7
166 79
79 6
167 7
168 123
123 15
170 165
165 141
171 22
22 9
172 12
174 13
175 9
179 132
132 27
27 127
127 139
139 192
180 164
164 25
25 14
181 39
39 142
142 59
59 9
182 98
98 199
183 76
76 169
169 12
12 176
184 13
185 176
176 35
35 137
186 177
177 1
1 10
188 13
189 11
11 103
103 7
190 150
150 81
81 10
191 16
16 192
192 125
125 137
137 57
57 121
121 43
43 15
15 4
4 9
9 48
48 5
193 178
178 173
173 14
194 6
195 66
66 141
141 187
187 101
101 3
3 6
196 7
7 51
51 74
74 10
10 199
197 13
198 14
14 33
33 100
100 40
40 6
6 8
8 13
199 5
5 85
85 13
13 200
89 78
44 152
27 152
191 36
128 97
97 154
93 146
80 141
35 112
32 176
197 17
126 125
73 141
84 145
38 46
143 176
162 107
107 153
104 152
105 141
74 160
2 101
20 141
82 176
163 110
110 46
96 134
134 78
116 181
50 91
51 133
68 133
119 195
195 78
127 155
16 198
161 46
184 178
178 187
39 67
11 65
145 141
33 153
146 156
115 177
177 91
157 153
159 66
66 133
147 137
137 78
79 181
21 153
129 121
86 56
56 78
170 60
142 187
187 98
98 3
57 70
131 18
155 153
63 172
7 192
192 78
6 141
22 78
49 141
132 181
87 133
103 48
48 173
72 91
24 153
12 172
172 77
77 133
102 78
194 198
1 53
8 36
180 78
160 9
171 78
58 37
43 152
108 133
47 133
17 23
61 141
29 78
109 166
199 94
55 158
158 23
150 141
81 186
186 59
59 91
190 133
106 152
122 133
154 133
164 176
168 25
42 133
67 136
136 4
4 140
53 19
19 46
14 111
70 117
140 121
121 23
148 25
25 153
10 23
18 139
139 193
5 130
130 174
120 101
101 91
183 133
90 141
52 91
62 198
198 189
189 113
113 95
95 28
75 185
185 9
9 152
54 37
37 138
138 144
144 91
85 40
40 149
166 30
30 15
15 133
133 188
26 141
165 188
188 117
117 173
200 182
182 124
124 46
45 141
123 78
78 41
41 23
31 167
167 151
151 46
3 112
112 28
28 135
135 173
173 114
114 100
100 99
99 193
193 176
176 91
91 118
118 181
83 169
169 156
156 152
179 153
125 34
34 174
174 69
69 92
92 94
94 153
60 23
23 175
175 111
111 46
46 149
76 141
65 152
152 64
64 88
88 196
196 153
153 36
36 141
149 181
181 13
13 141
141 71
200
17 12
18 7
19 14
22 11
23 199
24 12
25 39
28 199
29 11
31 12
33 12
36 60
37 13
39 13
41 7
42 13
43 35
44 11
45 12
47 62
49 26
26 7
50 8
52 6
53 3
59 137
60 113
61 6
64 10
65 13
68 9
69 46
70 30
30 21
71 12
72 14
73 6
74 121
75 48
76 13
78 20
20 13
80 6
82 13
84 183
85 13
89 14
90 14
92 97
93 9
94 192
95 35
35 3
97 54
54 12
99 13
100 32
32 66
66 102
101 83
83 10
102 27
27 14
104 180
105 122
106 13
109 40
110 87
87 142
113 8
114 91
91 88
115 14
117 86
86 14
118 9
119 103
103 6
120 164
121 55
123 5
124 150
125 14
126 14
127 79
79 12
128 14
129 7
130 14
131 12
132 152
133 11
135 15
136 10
137 11
139 13
140 48
48 56
56 38
38 6
141 151
142 10
143 3
144 62
62 111
111 46
46 12
146 9
147 4
149 3
150 12
151 12
152 3
154 183
155 12
156 112
112 138
138 5
157 179
159 9
160 162
161 11
162 190
163 13
164 21
21 9
165 16
16 153
153 12
166 169
168 51
51 67
170 181
171 81
81 40
40 200
172 14
173 58
174 14
175 9
176 67
67 108
108 8
177 3
3 98
98 13
178 13
13 88
88 8
179 2
180 77
181 96
96 158
182 134
134 8
183 122
122 63
63 116
116 192
184 55
55 2
185 14
186 158
187 2
188 196
189 107
107 8
190 6
6 58
58 148
148 12
191 4
192 2
2 57
57 145
145 34
34 14
193 8
194 1
1 158
158 14
195 14
196 169
169 7
197 9
9 8
8 4
4 12
12 77
77 11
198 15
15 167
167 11
11 10
10 7
7 5
199 5
5 14
14 200
89 133
44 23
27 152
101 78
128 149
93 133
9 37
80 149
177 78
35 133
64 133
110 105
98 141
37 141
32 23
187 141
99 117
197 78
126 133
137 2
84 48
48 23
38 15
178 153
143 94
144 173
105 49
74 153
82 46
163 141
116 91
50 73
51 59
59 191
68 133
119 152
127 153
111 100
16 118
30 141
184 195
195 141
39 153
11 141
33 166
13 141
157 152
56 152
19 129
147 91
79 28
21 117
117 94
129 134
134 133
86 141
88 77
77 34
34 170
92 145
145 46
170 189
189 152
142 75
57 158
131 141
186 196
7 146
146 91
49 36
132 159
159 115
87 152
72 121
121 152
24 91
12 41
41 153
102 181
100 162
139 185
194 167
135 152
1 181
113 25
25 133
8 152
180 23
160 152
171 133
198 106
58 78
108 193
47 46
173 78
95 141
17 23
174 107
107 172
172 153
61 190
29 46
199 66
66 2
2 6
6 73
73 133
55 91
81 176
167 94
190 133
106 133
122 94
154 166
164 133
168 22
22 4
4 152
67 62
53 91
14 196
196 78
140 31
185 141
130 191
191 138
138 112
112 136
136 133
148 36
18 175
175 96
5 54
120 151
151 70
70 71
183 152
156 104
90 152
52 91
188 96
96 63
63 36
182 94
169 40
40 141
62 141
141 115
115 36
75 97
54 161
85 192
192 42
166 43
43 36
26 158
158 20
20 103
103 28
165 162
162 97
200 152
69 42
45 97
123 60
31 155
155 36
3 153
153 104
104 150
150 133
28 176
83 97
97 114
114 109
109 94
94 152
179 36
125 124
124 42
42 152
60 152
76 15
15 118
118 91
91 36
36 176
176 133
133 161
161 78
65 193
193 10
10 78
78 46
46 23
23 181
149 181
181 152
152 71
200
1 49
15 190
16 13
17 91
20 5
22 99
25 10
26 6
28 9
31 128
33 133
35 12
36 71
37 13
40 10
41 8
42 70
43 167
44 6
45 39
39 89
46 168
47 14
49 12
50 110
51 57
53 11
55 12
56 11
59 10
60 14
61 2
62 14
63 14
65 14
66 166
68 67
67 12
70 14
71 9
72 9
74 93
75 6
76 7
77 8
78 7
82 5
84 69
69 11
85 11
89 14
90 113
91 58
58 94
93 9
94 13
95 14
96 8
97 12
99 88
88 142
100 34
34 87
101 11
102 8
103 54
54 132
105 8
110 168
111 7
113 27
27 117
114 12
115 188
116 133
119 11
120 11
121 14
123 2
125 109
109 13
126 9
127 79
79 9
128 14
129 30
30 7
131 98
98 23
23 7
133 64
64 14
134 21
21 80
80 13
135 38
38 11
136 190
137 81
81 130
130 9
138 3
139 8
141 14
142 12
143 186
144 8
147 87
87 12
148 8
149 106
106 145
150 10
151 10
152 146
146 186
153 132
132 32
32 52
52 5
154 2
155 104
104 169
156 10
157 107
107 86
86 195
158 14
159 11
160 24
24 83
83 14
161 108
108 11
162 177
163 57
164 10
165 14
167 8
169 8
170 190
172 171
171 118
118 6
173 4
4 197
174 166
166 5
175 140
140 184
177 189
179 7
180 11
181 6
182 29
29 9
183 11
185 2
2 12
187 124
124 188
188 9
189 48
48 178
178 10
190 8
191 11
192 57
57 14
193 112
112 8
194 14
14 13
195 122
122 12
196 176
176 117
117 5
5 9
9 8
8 11
11 3
3 19
19 168
168 10
197 186
186 7
7 92
92 73
73 12
198 13
199 18
18 12
12 145
145 184
184 10
10 13
13 6
6 200
124 84
193 31
112 141
89 159
195 181
101 86
9 46
48 49
80 91
35 8
64 58
117 133
110 68
98 46
196 46
32 36
187 51
99 10
197 153
126 158
73 157
137 18
84 152
38 133
175 7
143 114
162 78
107 133
144 78
105 46
74 152
2 97
20 152
163 152
34 152
116 152
51 96
96 133
68 152
119 91
111 91
16 147
30 153
161 23
184 36
11 23
33 181
13 50
50 78
157 78
56 152
159 153
147 104
104 79
79 91
21 141
192 152
129 36
86 133
88 115
115 138
92 66
66 146
170 78
41 36
57 134
134 198
7 97
6 18
49 23
132 189
189 72
87 133
103 45
12 58
102 78
100 78
158 152
139 36
135 186
186 141
1 91
113 25
25 91
8 152
180 59
59 141
171 40
40 128
128 23
58 82
82 152
43 191
191 39
39 141
108 172
172 78
47 31
173 151
151 160
160 91
4 94
95 36
174 152
138 133
61 200
29 36
55 146
146 133
150 36
81 131
131 109
167 46
190 46
106 199
199 200
136 198
198 77
77 178
178 181
122 97
154 142
142 15
164 46
168 155
155 121
121 125
42 36
67 78
53 93
93 145
145 152
14 63
63 78
70 182
140 114
185 46
130 148
10 36
15 36
5 31
183 120
120 24
24 153
156 176
176 76
90 148
148 181
52 17
17 26
182 123
62 23
75 78
54 153
85 177
177 91
166 78
165 97
97 133
69 194
194 45
45 91
123 118
118 169
169 46
31 36
3 78
28 114
114 152
83 22
22 36
36 152
179 23
125 37
37 133
60 188
188 72
72 181
181 91
91 152
152 78
78 94
94 27
27 18
18 46
46 200
200 23
23 19
19 127
127 133
76 141
65 44
44 133
133 109
109 26
26 141
149 141
141 153
153 71
200
1 9
19 11
20 25
22 10
26 9
27 25
25 6
29 3
30 11
32 9
33 149
36 8
39 11
40 115
41 14
42 4
43 3
45 4
46 10
47 8
48 15
15 14
49 14
51 13
52 6
54 8
55 35
56 159
60 11
62 50
63 144
64 11
65 14
66 12
68 6
69 2
2 13
70 183
72 24
24 14
73 99
75 177
77 35
79 185
81 11
82 12
83 50
50 13
87 74
74 78
78 182
88 10
89 11
90 7
91 11
95 12
96 190
97 10
100 159
103 11
104 11
105 28
28 11
106 11
107 12
108 34
109 172
111 12
112 10
114 183
115 13
116 4
117 13
120 14
122 147
123 80
80 102
124 12
125 13
127 187
128 14
129 13
131 38
38 148
132 159
135 11
136 7
138 12
140 145
142 4
4 13
144 58
58 11
145 8
146 14
147 85
85 118
118 5
148 94
94 9
149 53
53 12
150 23
152 165
153 57
57 13
154 23
23 8
155 11
156 10
157 3
3 13
159 102
102 9
160 113
113 151
151 44
44 14
161 9
162 12
164 9
165 10
166 21
21 121
121 158
168 12
169 71
71 7
170 14
171 119
172 12
174 173
173 98
98 139
139 14
175 17
17 76
76 101
101 5
176 133
133 126
126 31
31 67
67 13
177 7
179 9
9 59
59 92
92 10
180 14
14 8
181 10
182 18
18 6
183 11
184 10
185 12
186 34
34 10
188 163
163 143
143 8
190 16
16 12
191 86
86 84
84 110
110 6
192 61
193 10
194 137
137 13
195 8
8 178
178 99
99 7
196 167
167 13
197 158
158 141
141 61
61 7
199 13
13 10
10 7
7 130
130 134
134 198
198 189
189 93
93 11
11 6
6 187
187 119
119 37
37 12
12 35
35 5
5 200
124 133
27 78
195 9
101 46
48 91
189 9
9 153
177 94
59 78
77 91
64 81
110 36
37 78
196 68
32 152
187 176
99 94
126 176
73 46
137 36
118 193
193 152
84 152
175 141
178 153
134 36
162 117
107 67
105 78
2 38
20 29
82 78
163 152
34 133
116 153
50 97
97 141
51 166
68 93
93 152
119 86
127 24
16 117
161 165
25 78
151 133
11 38
38 141
145 111
111 184
184 85
146 46
115 78
157 23
56 78
159 133
21 31
192 46
129 67
88 78
41 78
142 80
80 78
57 78
131 91
155 66
63 183
186 133
6 46
22 86
86 141
132 176
103 141
72 152
24 55
102 39
39 170
158 133
139 173
194 69
135 152
113 141
8 152
180 150
171 67
198 78
108 23
47 133
173 109
4 176
176 23
17 104
104 78
138 36
29 152
109 13
13 182
199 181
55 79
79 91
150 143
143 133
81 128
167 130
106 114
114 141
136 128
128 36
122 78
154 46
164 94
94 141
168 170
170 91
67 49
49 190
190 197
197 152
53 91
14 133
70 91
185 46
130 191
191 100
100 42
148 133
18 87
87 23
15 152
5 12
120 133
183 156
156 40
40 95
95 172
172 89
89 30
30 92
92 181
90 58
58 1
1 35
35 96
96 141
52 23
188 91
91 144
144 19
19 46
182 152
152 36
62 46
75 44
44 153
54 78
85 46
26 133
165 66
66 46
200 140
140 61
61 36
45 112
112 133
31 121
121 33
33 7
7 153
3 74
28 46
83 141
179 141
125 36
36 169
169 166
166 141
60 10
10 141
76 42
42 174
174 74
74 23
149 141
141 46
46 23
23 160
160 43
43 65
65 123
123 147
147 78
78 153
153 69
69 12
12 98
98 133
133 117
117 181
181 71
200
16 51
18 8
22 93
23 134
24 5
25 158
26 13
27 6
29 32
30 13
31 13
32 4
33 64
34 8
35 8
38 57
39 10
40 8
41 82
42 9
45 2
46 14
47 3
48 166
49 147
50 13
51 105
52 14
53 75
54 10
56 5
57 12
59 7
60 14
61 10
62 9
63 3
66 7
67 2
68 15
72 8
73 6
74 43
43 75
79 162
80 153
81 58
58 14
82 197
83 8
8 159
85 78
78 136
86 9
88 55
55 36
36 138
90 11
92 12
96 15
97 13
98 13
99 151
100 177
101 94
94 135
102 9
103 11
104 10
105 12
106 19
19 157
107 13
108 10
109 13
110 9
111 12
113 9
115 13
117 143
118 14
119 1
122 89
89 5
123 17
124 6
125 71
126 14
127 11
128 6
130 65
65 14
133 11
137 2
138 190
139 2
2 5
140 14
141 14
142 14
143 70
70 6
144 14
145 6
147 13
148 150
149 75
150 12
151 69
152 10
153 9
154 12
155 15
15 13
156 6
157 14
158 121
121 12
159 71
160 12
161 136
136 14
162 11
163 91
91 28
28 134
134 14
164 12
166 11
167 95
95 13
168 6
6 11
169 84
84 44
170 3
171 7
172 93
93 44
44 69
69 64
64 11
173 5
174 13
175 76
76 71
71 14
177 14
178 14
179 116
180 9
181 11
182 4
183 4
184 132
132 12
185 37
37 14
186 191
187 10
188 12
189 4
4 165
165 176
176 17
17 21
21 114
114 120
120 12
190 12
12 14
191 200
192 14
193 11
194 11
11 1
1 112
195 7
7 112
112 75
75 9
196 129
129 20
20 13
13 135
135 146
146 9
9 5
5 77
77 3
3 87
87 131
131 14
197 14
198 10
199 116
116 10
10 14
14 200
112 175
44 78
101 147
128 43
93 181
9 42
48 141
189 153
177 78
59 141
35 141
64 47
66 82
117 36
172 36
37 114
196 46
32 36
187 11
126 91
73 97
137 152
118 94
84 148
38 55
175 141
178 57
143 152
134 16
107 46
114 181
144 133
105 162
162 152
74 46
2 91
20 94
34 23
96 97
116 193
119 36
127 153
111 99
99 16
25 70
39 136
151 104
104 152
11 76
145 36
13 67
121 184
184 47
115 91
56 23
19 110
110 4
192 36
36 133
129 193
40 141
86 141
88 190
92 182
170 79
79 108
41 91
142 78
57 46
131 133
155 152
63 168
186 141
7 46
6 141
49 91
87 133
72 91
24 141
12 61
158 152
139 124
194 157
157 181
135 89
1 153
113 68
8 152
160 77
77 153
58 163
163 152
47 78
173 97
4 30
30 97
97 181
95 152
17 152
174 152
138 51
51 153
61 152
29 153
109 141
55 167
150 16
81 133
167 50
190 46
106 91
136 133
122 193
193 141
154 153
164 152
168 100
100 133
42 176
67 133
53 176
14 152
70 78
140 159
159 80
80 43
43 152
185 133
148 78
10 21
21 141
18 153
153 78
15 33
33 197
5 94
120 23
183 147
147 197
197 50
50 82
82 78
156 181
90 141
52 31
182 68
169 152
62 152
75 152
54 103
85 91
166 78
26 176
165 68
68 198
198 133
200 98
98 152
69 3
45 46
123 133
31 176
176 130
130 188
188 89
89 191
191 132
132 102
102 133
3 133
133 152
28 71
83 152
179 78
125 78
78 124
124 22
60 23
23 22
22 16
16 91
76 180
180 195
195 141
141 108
108 199
199 91
91 181
181 161
161 94
94 146
146 171
171 152
65 152
152 46
149 103
103 46
46 27
27 71
200
17 12
18 108
19 110
21 7
22 4
23 14
24 7
26 10
27 193
32 9
33 2
34 5
35 4
37 11
38 2
39 167
40 5
41 6
42 185
43 10
44 68
45 6
46 8
47 126
50 15
52 177
53 11
54 8
56 133
57 11
59 104
60 12
61 144
63 167
64 12
65 6
67 6
68 15
70 9
72 48
73 12
75 51
76 12
78 13
79 13
80 48
48 74
82 89
83 97
84 49
85 16
86 14
88 29
29 36
89 55
55 180
90 11
92 172
93 6
95 49
49 77
77 13
96 9
97 11
99 195
102 115
103 12
104 156
105 5
106 69
108 130
109 4
111 12
112 12
113 4
4 11
114 9
115 187
116 193
117 183
118 175
119 10
121 8
122 10
124 11
125 8
127 62
129 12
130 165
131 9
133 14
134 8
136 12
137 69
138 11
139 58
58 13
141 13
145 69
69 10
146 7
147 153
148 14
149 9
150 6
152 9
153 15
155 28
156 74
74 7
157 98
158 13
159 11
160 13
161 87
87 8
162 144
144 13
163 6
165 167
167 30
30 6
168 62
62 13
169 107
107 8
170 13
171 1
1 66
66 151
151 10
172 190
173 166
166 5
174 10
175 16
16 12
176 11
177 11
11 9
178 101
101 5
179 7
180 20
20 81
181 120
182 12
184 9
185 15
15 7
186 28
28 120
120 12
187 36
36 128
128 91
91 10
188 31
31 7
7 154
154 14
189 3
190 135
135 13
192 123
123 81
81 51
51 2
2 9
9 6
6 94
94 183
183 14
193 25
25 13
194 8
8 3
195 191
191 100
100 126
126 12
196 12
197 110
110 142
142 164
164 14
198 3
3 13
13 10
10 140
140 98
98 143
143 71
71 12
199 14
14 12
12 5
5 132
132 200
89 133
44 63
27 7
191 23
101 176
128 152
93 23
48 46
189 83
77 91
64 97
66 181
117 176
98 78
172 97
37 10
196 181
32 153
187 165
99 46
197 116
126 153
73 36
137 1
38 193
178 182
143 78
134 36
107 58
114 78
144 142
105 133
74 29
20 10
82 133
163 153
96 153
116 193
51 91
119 118
127 133
16 175
30 133
184 141
25 141
39 118
118 111
11 157
145 129
33 84
13 112
121 152
115 177
177 110
157 162
162 75
56 78
19 183
147 153
21 84
84 161
161 141
192 91
129 78
86 125
170 87
41 133
142 164
57 181
131 50
63 160
186 176
6 133
22 133
49 176
176 78
132 91
87 69
103 83
72 166
24 52
12 46
100 36
158 46
194 78
135 36
113 2
180 133
160 130
171 91
58 152
43 36
47 133
173 50
4 78
95 104
104 141
174 141
109 50
50 46
199 23
55 136
150 152
81 91
167 153
106 91
136 193
154 80
164 111
111 23
168 40
42 141
67 78
53 141
14 146
146 36
70 29
29 141
140 153
130 10
10 59
59 153
18 2
2 141
15 155
155 36
5 141
120 124
124 34
34 190
190 46
183 31
156 148
148 181
90 46
52 112
112 133
188 78
182 78
78 91
169 92
92 181
62 23
75 195
195 151
54 102
85 133
26 91
165 193
193 23
200 80
80 102
102 133
69 110
110 8
8 159
159 46
45 35
35 23
23 122
122 152
123 94
31 108
108 141
28 139
139 151
151 175
175 97
97 91
91 153
153 79
79 166
166 152
83 9
9 141
179 36
36 94
125 3
3 88
88 1
1 133
60 133
76 7
7 138
138 185
185 152
65 94
94 141
141 46
46 17
17 40
40 61
61 68
68 133
149 152
152 133
133 181
181 198
198 71
200
3 8
16 161
17 13
19 63
21 4
22 31
23 8
24 28
28 14
29 67
30 91
31 4
32 49
33 11
34 4
35 27
27 9
36 7
38 2
39 12
40 176
42 4
44 190
45 78
46 187
47 157
48 62
49 14
51 71
52 12
54 7
55 13
56 53
53 116
57 9
58 14
59 13
60 26
26 8
61 6
63 199
64 9
65 37
37 75
66 100
67 10
68 6
70 20
20 13
72 87
73 79
74 172
75 77
76 69
69 2
77 12
78 10
79 166
80 14
83 12
84 153
85 180
86 191
87 10
89 10
90 82
82 149
91 142
92 1
1 11
93 187
94 13
95 12
96 110
99 112
100 13
101 6
102 14
103 9
104 12
107 2
108 5
110 4
112 81
81 9
113 4
114 155
115 7
117 43
43 97
97 13
118 122
119 116
116 11
120 71
71 50
121 153
122 130
123 14
124 14
126 158
127 14
128 8
133 98
134 139
135 13
136 186
137 12
138 151
140 193
141 194
143 15
145 9
146 109
109 10
147 6
6 177
149 111
150 15
151 7
152 106
106 10
154 197
156 10
157 18
158 5
160 130
161 13
163 11
164 155
165 8
166 14
168 144
144 5
170 4
171 131
131 181
172 111
111 182
173 14
174 7
175 162
162 176
176 9
177 10
178 5
5 159
159 13
179 62
62 10
180 155
155 10
10 193
182 167
167 13
185 12
186 13
187 132
132 13
189 153
153 184
184 129
129 12
190 13
191 181
181 14
192 25
25 125
125 18
18 12
193 7
7 183
183 105
194 4
4 9
195 2
2 88
88 98
98 130
130 11
196 14
197 13
198 105
105 188
188 11
11 8
199 148
148 41
41 50
50 8
8 15
15 9
9 13
13 14
14 169
169 142
142 139
139 12
12 200
94 36
112 14
89 141
27 20
191 176
101 35
128 36
93 80
80 152
177 96
59 159
35 176
77 84
64 78
66 176
117 189
189 91
110 23
172 97
37 133
196 188
187 176
197 31
126 184
73 69
137 168
118 2
84 152
175 68
178 133
134 23
162 141
107 143
143 103
114 91
104 152
144 141
105 48
48 36
74 153
20 149
82 91
163 98
98 16
34 88
96 46
116 153
51 195
195 141
119 146
127 25
111 183
16 161
30 50
50 97
161 133
184 46
25 148
39 152
145 133
33 136
13 75
121 3
146 46
157 46
56 11
11 81
159 138
19 124
124 78
147 69
79 141
21 133
192 7
86 22
88 141
92 153
170 152
41 91
142 133
155 97
63 181
7 176
22 151
151 91
49 176
132 154
87 23
72 99
99 129
129 141
24 158
12 103
103 78
102 68
68 38
100 136
158 160
139 152
194 152
1 42
113 152
8 36
58 40
43 95
108 141
47 200
173 133
4 190
17 83
174 179
61 193
109 91
199 186
186 46
55 153
153 182
81 6
167 193
190 23
106 131
131 46
122 76
164 46
168 44
42 181
53 160
14 141
140 78
185 154
130 36
148 152
18 29
29 181
5 176
120 171
171 54
183 6
6 85
156 152
90 23
52 70
70 188
188 91
182 46
169 181
181 67
67 141
62 2
2 46
75 154
154 46
46 83
85 10
10 141
165 133
200 141
69 198
198 141
123 136
136 26
26 180
180 133
31 141
3 54
54 152
28 9
9 135
135 44
44 133
83 23
23 166
166 57
179 176
176 91
125 97
97 115
115 40
40 160
160 78
60 152
76 141
65 57
57 45
45 78
78 36
149 150
150 32
32 38
38 36
36 193
193 91
91 141
141 152
152 15
15 138
138 95
95 133
133 71
