20
100
2 1
3 2
4 3
5 2
6 5
7 4
8 2
9 5
10 3
11 2
12 6
13 7
14 3
15 9
16 2
17 4
18 11
19 9
20 11
21 17
22 13
23 21
24 20
25 8
26 18
27 19
28 15
29 17
30 4
31 18
32 10
33 22
34 20
35 5
36 17
37 28
38 6
39 35
40 13
41 27
42 36
43 12
44 20
45 6
46 14
47 37
48 1
49 36
50 21
51 40
52 15
53 37
54 44
55 16
56 40
57 49
58 46
59 28
60 19
61 2
62 8
63 37
64 30
65 23
66 37
67 41
68 41
69 54
70 55
71 3
72 71
73 36
74 14
75 36
76 14
77 40
78 27
79 37
80 30
81 14
82 31
83 73
84 20
85 70
86 38
87 81
88 46
89 67
90 34
91 57
92 53
93 48
94 69
95 6
96 6
97 28
98 11
99 19
100 47
2 1
3 2
4 3
5 2
6 5
7 4
8 2
9 5
10 3
11 2
12 6
13 7
14 3
15 9
16 2
17 4
18 11
19 9
20 11
21 17
22 13
23 21
24 20
25 8
26 18
27 19
28 15
29 17
30 4
31 18
32 10
33 22
34 20
35 5
36 17
37 28
38 6
39 35
40 13
41 27
42 36
43 12
44 20
45 6
46 14
47 37
48 1
49 36
50 21
51 40
52 15
53 37
54 44
55 16
56 40
57 49
58 46
59 28
60 19
61 2
62 8
63 37
64 30
65 23
66 37
67 41
68 41
69 54
70 55
71 3
72 71
73 36
74 14
75 36
76 14
77 40
78 27
79 37
80 26
81 14
82 31
83 73
84 20
85 70
86 38
87 81
88 46
89 67
90 34
91 57
92 53
93 48
94 69
95 6
96 6
97 28
98 11
99 19
100 47
100
2 1
3 1
4 1
5 3
6 3
7 4
8 3
9 7
10 6
11 2
12 9
13 2
14 11
15 6
16 14
17 12
18 2
19 17
20 7
21 15
22 7
23 1
24 10
25 17
26 15
27 5
28 19
29 16
30 7
31 17
32 10
33 17
34 32
35 33
36 19
37 13
38 37
39 23
40 5
41 4
42 39
43 22
44 41
45 39
46 18
47 14
48 6
49 33
50 42
51 7
52 10
53 32
54 4
55 13
56 22
57 32
58 1
59 46
60 1
61 34
62 47
63 22
64 33
65 9
66 33
67 24
68 11
69 62
70 3
71 36
72 54
73 28
74 55
75 29
76 16
77 73
78 1
79 17
80 9
81 80
82 38
83 15
84 2
85 31
86 58
87 4
88 19
89 1
90 61
91 74
92 88
93 53
94 35
95 61
96 90
97 48
98 23
99 13
100 63
2 1
3 1
4 1
5 3
6 3
7 4
8 3
9 7
10 6
11 2
12 9
13 2
14 11
15 6
16 14
17 12
18 2
19 17
20 7
21 15
22 7
23 1
24 10
25 17
26 15
27 5
28 19
29 16
30 7
31 17
32 10
33 17
34 32
35 33
36 19
37 13
38 37
39 23
40 5
41 4
42 39
43 22
44 41
45 39
46 18
47 14
48 6
49 33
50 42
51 7
52 10
53 32
54 4
55 13
56 22
57 32
58 1
59 46
60 1
61 34
62 47
63 22
64 33
65 9
66 65
67 24
68 11
69 62
70 3
71 36
72 54
73 28
74 55
75 29
76 16
77 73
78 1
79 17
80 9
81 80
82 38
83 15
84 2
85 31
86 58
87 4
88 19
89 1
90 61
91 74
92 88
93 53
94 35
95 61
96 90
97 48
98 23
99 13
100 63
100
2 1
3 2
4 3
5 2
6 2
7 4
8 1
9 3
10 1
11 8
12 2
13 7
14 4
15 11
16 14
17 12
18 14
19 15
20 12
21 17
22 18
23 18
24 15
25 5
26 22
27 25
28 4
29 23
30 10
31 9
32 30
33 4
34 10
35 25
36 30
37 31
38 24
39 23
40 28
41 6
42 28
43 4
44 11
45 2
46 9
47 36
48 28
49 34
50 21
51 17
52 49
53 5
54 46
55 1
56 24
57 22
58 16
59 15
60 11
61 53
62 4
63 38
64 4
65 31
66 59
67 26
68 24
69 48
70 35
71 53
72 31
73 57
74 51
75 69
76 42
77 16
78 39
79 13
80 11
81 30
82 1
83 58
84 48
85 24
86 81
87 26
88 49
89 76
90 54
91 2
92 50
93 7
94 76
95 16
96 22
97 41
98 92
99 25
100 20
2 1
3 2
4 3
5 2
6 2
7 4
8 1
9 3
10 1
11 8
12 2
13 7
14 4
15 11
16 14
17 12
18 14
19 15
20 12
21 17
22 18
23 18
24 15
25 5
26 22
27 25
28 4
29 23
30 10
31 9
32 30
33 4
34 10
35 25
36 30
37 31
38 24
39 23
40 28
41 6
42 28
43 4
44 11
45 2
46 9
47 36
48 28
49 34
50 21
51 17
52 49
53 5
54 46
55 1
56 24
57 22
58 16
59 15
60 11
61 45
62 4
63 38
64 4
65 31
66 59
67 26
68 24
69 48
70 35
71 53
72 31
73 57
74 51
75 69
76 42
77 16
78 39
79 13
80 11
81 30
82 1
83 58
84 48
85 24
86 81
87 26
88 49
89 76
90 54
91 2
92 50
93 7
94 76
95 16
96 22
97 41
98 92
99 25
100 20
100
2 1
3 2
4 1
5 4
6 4
7 2
8 6
9 3
10 3
11 7
12 5
13 5
14 13
15 3
16 5
17 12
18 13
19 10
20 4
21 19
22 10
23 4
24 23
25 10
26 6
27 1
28 6
29 8
30 18
31 24
32 12
33 14
34 29
35 14
36 27
37 35
38 22
39 24
40 6
41 26
42 20
43 28
44 31
45 25
46 5
47 27
48 4
49 13
50 12
51 36
52 47
53 44
54 27
55 9
56 37
57 40
58 52
59 13
60 58
61 17
62 42
63 14
64 31
65 38
66 8
67 51
68 15
69 20
70 30
71 3
72 61
73 52
74 73
75 38
76 27
77 74
78 56
79 11
80 25
81 53
82 55
83 68
84 75
85 66
86 22
87 64
88 73
89 84
90 87
91 77
92 53
93 39
94 42
95 72
96 15
97 21
98 35
99 78
100 96
2 1
3 2
4 1
5 4
6 4
7 2
8 6
9 3
10 3
11 7
12 5
13 5
14 13
15 3
16 5
17 12
18 13
19 10
20 4
21 19
22 10
23 4
24 23
25 10
26 6
27 1
28 6
29 8
30 18
31 24
32 12
33 14
34 29
35 14
36 27
37 35
38 22
39 24
40 6
41 26
42 20
43 36
44 31
45 25
46 5
47 27
48 4
49 13
50 12
51 36
52 47
53 44
54 27
55 9
56 37
57 40
58 52
59 13
60 58
61 17
62 42
63 14
64 31
65 38
66 8
67 51
68 15
69 20
70 30
71 3
72 61
73 52
74 73
75 38
76 27
77 74
78 56
79 11
80 25
81 53
82 55
83 68
84 75
85 66
86 22
87 64
88 73
89 84
90 87
91 77
92 53
93 39
94 42
95 72
96 15
97 21
98 35
99 78
100 96
100
2 1
3 1
4 1
5 1
6 1
7 6
8 2
9 3
10 6
11 8
12 3
13 11
14 7
15 9
16 10
17 7
18 5
19 2
20 13
21 7
22 20
23 13
24 19
25 22
26 5
27 7
28 19
29 4
30 25
31 14
32 19
33 20
34 26
35 7
36 1
37 32
38 20
39 37
40 22
41 2
42 32
43 27
44 1
45 41
46 37
47 12
48 30
49 33
50 35
51 46
52 1
53 20
54 21
55 22
56 27
57 22
58 35
59 30
60 3
61 60
62 51
63 18
64 25
65 50
66 55
67 20
68 22
69 49
70 38
71 28
72 21
73 18
74 26
75 66
76 32
77 10
78 68
79 7
80 6
81 14
82 36
83 74
84 55
85 32
86 12
87 9
88 70
89 25
90 76
91 54
92 74
93 82
94 59
95 19
96 70
97 38
98 31
99 29
100 94
2 1
3 1
4 1
5 1
6 2
7 6
8 2
9 3
10 6
11 8
12 3
13 11
14 7
15 9
16 10
17 7
18 5
19 2
20 13
21 7
22 20
23 13
24 19
25 22
26 5
27 7
28 19
29 4
30 25
31 14
32 19
33 20
34 26
35 7
36 1
37 32
38 20
39 37
40 22
41 2
42 32
43 27
44 1
45 41
46 37
47 12
48 30
49 33
50 35
51 46
52 1
53 20
54 21
55 22
56 27
57 22
58 35
59 30
60 3
61 60
62 51
63 18
64 25
65 50
66 55
67 20
68 22
69 49
70 38
71 28
72 21
73 18
74 26
75 66
76 32
77 10
78 68
79 7
80 6
81 14
82 36
83 74
84 55
85 32
86 12
87 9
88 70
89 25
90 76
91 54
92 74
93 82
94 59
95 19
96 70
97 38
98 31
99 29
100 94
100
2 1
3 1
4 3
5 4
6 4
7 4
8 7
9 3
10 8
11 4
12 9
13 10
14 4
15 7
16 1
17 8
18 11
19 9
20 4
21 5
22 8
23 13
24 19
25 18
26 8
27 22
28 24
29 4
30 26
31 7
32 9
33 5
34 30
35 18
36 17
37 30
38 10
39 29
40 22
41 20
42 4
43 34
44 16
45 5
46 2
47 22
48 32
49 37
50 38
51 15
52 39
53 33
54 47
55 39
56 44
57 5
58 44
59 14
60 18
61 4
62 54
63 13
64 49
65 8
66 46
67 43
68 17
69 64
70 68
71 17
72 6
73 48
74 64
75 64
76 54
77 45
78 49
79 39
80 68
81 10
82 4
83 22
84 24
85 15
86 4
87 7
88 50
89 60
90 58
91 14
92 80
93 43
94 86
95 60
96 87
97 39
98 36
99 44
100 89
2 1
3 1
4 3
5 4
6 4
7 4
8 7
9 3
10 8
11 4
12 9
13 10
14 4
15 7
16 1
17 8
18 11
19 9
20 4
21 5
22 8
23 13
24 5
25 18
26 8
27 22
28 24
29 4
30 26
31 7
32 9
33 5
34 30
35 18
36 17
37 30
38 10
39 29
40 22
41 20
42 4
43 34
44 16
45 5
46 2
47 22
48 32
49 37
50 38
51 15
52 39
53 33
54 47
55 39
56 44
57 5
58 44
59 14
60 18
61 4
62 54
63 13
64 49
65 8
66 46
67 43
68 17
69 64
70 68
71 17
72 6
73 48
74 64
75 64
76 54
77 45
78 49
79 39
80 68
81 10
82 4
83 22
84 24
85 15
86 4
87 7
88 50
89 60
90 58
91 14
92 80
93 43
94 86
95 60
96 87
97 39
98 36
99 44
100 89
100
2 1
3 1
4 1
5 4
6 5
7 2
8 6
9 2
10 9
11 10
12 1
13 12
14 9
15 1
16 13
17 8
18 2
19 4
20 16
21 7
22 17
23 1
24 6
25 24
26 13
27 19
28 27
29 23
30 18
31 10
32 31
33 25
34 32
35 13
36 24
37 11
38 32
39 2
40 19
41 12
42 5
43 23
44 34
45 4
46 42
47 5
48 18
49 20
50 29
51 15
52 33
53 34
54 15
55 46
56 23
57 26
58 11
59 21
60 19
61 17
62 2
63 28
64 1
65 33
66 57
67 23
68 7
69 66
70 44
71 69
72 2
73 20
74 71
75 41
76 17
77 1
78 32
79 43
80 28
81 15
82 78
83 77
84 51
85 53
86 12
87 57
88 4
89 87
90 77
91 77
92 61
93 85
94 56
95 84
96 59
97 81
98 15
99 6
100 24
2 1
3 1
4 1
5 4
6 5
7 2
8 6
9 2
10 9
11 10
12 1
13 12
14 9
15 1
16 13
17 8
18 2
19 4
20 16
21 7
22 17
23 1
24 6
25 24
26 13
27 19
28 27
29 23
30 18
31 10
32 31
33 25
34 32
35 13
36 24
37 11
38 32
39 2
40 19
41 12
42 5
43 23
44 34
45 4
46 42
47 5
48 18
49 20
50 29
51 15
52 33
53 34
54 15
55 4
56 23
57 26
58 11
59 21
60 19
61 17
62 2
63 28
64 1
65 33
66 57
67 23
68 7
69 66
70 44
71 69
72 2
73 20
74 71
75 41
76 17
77 1
78 32
79 43
80 28
81 15
82 78
83 77
84 51
85 53
86 12
87 57
88 4
89 87
90 77
91 77
92 61
93 85
94 56
95 84
96 59
97 81
98 15
99 6
100 24
100
2 1
3 2
4 1
5 3
6 5
7 6
8 5
9 4
10 4
11 2
12 2
13 4
14 6
15 10
16 9
17 13
18 17
19 8
20 9
21 1
22 19
23 16
24 18
25 24
26 4
27 1
28 25
29 7
30 3
31 19
32 25
33 9
34 17
35 9
36 29
37 29
38 9
39 23
40 20
41 10
42 40
43 35
44 20
45 8
46 30
47 34
48 14
49 6
50 35
51 2
52 33
53 10
54 14
55 47
56 46
57 42
58 5
59 11
60 56
61 45
62 37
63 4
64 59
65 44
66 61
67 13
68 24
69 65
70 39
71 53
72 22
73 42
74 7
75 56
76 50
77 10
78 6
79 53
80 39
81 3
82 39
83 66
84 12
85 74
86 68
87 58
88 76
89 61
90 20
91 70
92 68
93 36
94 10
95 56
96 94
97 9
98 56
99 36
100 86
2 1
3 2
4 1
5 3
6 5
7 6
8 5
9 4
10 4
11 2
12 2
13 4
14 6
15 10
16 9
17 13
18 17
19 8
20 9
21 1
22 19
23 16
24 18
25 20
26 4
27 1
28 25
29 7
30 3
31 19
32 25
33 9
34 17
35 9
36 29
37 29
38 9
39 23
40 20
41 10
42 40
43 35
44 20
45 8
46 30
47 34
48 14
49 6
50 35
51 2
52 33
53 10
54 14
55 47
56 46
57 42
58 5
59 11
60 56
61 45
62 37
63 4
64 59
65 44
66 61
67 13
68 24
69 65
70 39
71 53
72 22
73 42
74 7
75 56
76 50
77 10
78 6
79 53
80 39
81 3
82 39
83 66
84 12
85 74
86 68
87 58
88 76
89 61
90 20
91 70
92 68
93 36
94 10
95 56
96 94
97 9
98 56
99 36
100 86
100
2 1
3 1
4 1
5 4
6 1
7 1
8 3
9 2
10 4
11 5
12 1
13 10
14 11
15 5
16 12
17 5
18 13
19 10
20 17
21 9
22 11
23 3
24 21
25 14
26 17
27 12
28 11
29 8
30 15
31 21
32 21
33 2
34 2
35 32
36 21
37 4
38 7
39 13
40 33
41 16
42 11
43 25
44 7
45 44
46 37
47 12
48 30
49 39
50 10
51 49
52 23
53 3
54 34
55 20
56 29
57 35
58 35
59 12
60 2
61 34
62 10
63 54
64 26
65 39
66 15
67 20
68 49
69 26
70 28
71 31
72 18
73 7
74 66
75 70
76 11
77 34
78 30
79 40
80 28
81 72
82 36
83 72
84 77
85 31
86 3
87 29
88 46
89 33
90 44
91 7
92 9
93 42
94 22
95 36
96 53
97 19
98 14
99 29
100 30
2 1
3 1
4 1
5 4
6 1
7 1
8 3
9 2
10 4
11 5
12 1
13 10
14 11
15 5
16 12
17 5
18 13
19 10
20 17
21 9
22 11
23 3
24 21
25 14
26 17
27 12
28 11
29 8
30 15
31 21
32 21
33 2
34 2
35 32
36 21
37 4
38 7
39 13
40 33
41 16
42 11
43 25
44 7
45 44
46 37
47 12
48 30
49 39
50 10
51 49
52 23
53 3
54 34
55 20
56 29
57 35
58 35
59 12
60 2
61 34
62 10
63 54
64 26
65 39
66 15
67 20
68 49
69 26
70 28
71 31
72 18
73 7
74 66
75 70
76 11
77 34
78 30
79 40
80 28
81 72
82 36
83 72
84 77
85 31
86 3
87 29
88 46
89 33
90 44
91 7
92 9
93 42
94 22
95 36
96 53
97 19
98 14
99 29
100 30
100
2 1
3 1
4 1
5 2
6 2
7 5
8 2
9 7
10 8
11 7
12 7
13 10
14 3
15 9
16 10
17 10
18 5
19 3
20 11
21 9
22 3
23 7
24 7
25 21
26 9
27 15
28 1
29 20
30 22
31 28
32 22
33 32
34 8
35 27
36 23
37 11
38 9
39 19
40 9
41 27
42 15
43 4
44 11
45 1
46 30
47 14
48 23
49 2
50 21
51 23
52 48
53 13
54 18
55 47
56 2
57 56
58 37
59 48
60 15
61 60
62 2
63 38
64 24
65 10
66 46
67 12
68 36
69 43
70 49
71 30
72 37
73 65
74 35
75 50
76 73
77 2
78 3
79 62
80 46
81 6
82 25
83 21
84 37
85 75
86 78
87 70
88 60
89 29
90 33
91 46
92 44
93 22
94 65
95 18
96 84
97 91
98 68
99 46
100 36
2 1
3 1
4 1
5 2
6 2
7 5
8 2
9 7
10 8
11 7
12 7
13 10
14 3
15 9
16 10
17 10
18 5
19 3
20 11
21 9
22 3
23 7
24 7
25 21
26 9
27 15
28 1
29 20
30 22
31 28
32 22
33 32
34 8
35 27
36 23
37 11
38 9
39 19
40 9
41 27
42 15
43 4
44 11
45 1
46 30
47 14
48 23
49 2
50 21
51 23
52 48
53 13
54 18
55 47
56 2
57 17
58 37
59 48
60 15
61 60
62 2
63 38
64 24
65 10
66 46
67 12
68 36
69 43
70 49
71 30
72 37
73 65
74 35
75 50
76 73
77 2
78 3
79 62
80 46
81 6
82 25
83 21
84 37
85 75
86 78
87 70
88 60
89 29
90 33
91 46
92 44
93 22
94 65
95 18
96 84
97 91
98 68
99 46
100 36
100
2 1
3 1
4 1
5 4
6 5
7 2
8 7
9 2
10 1
11 5
12 5
13 7
14 8
15 1
16 2
17 9
18 4
19 4
20 4
21 10
22 5
23 8
24 12
25 23
26 10
27 12
28 23
29 2
30 1
31 25
32 30
33 10
34 1
35 30
36 32
37 13
38 6
39 28
40 25
41 24
42 38
43 40
44 37
45 15
46 34
47 19
48 20
49 36
50 10
51 25
52 24
53 19
54 8
55 15
56 33
57 2
58 41
59 3
60 4
61 8
62 37
63 14
64 24
65 2
66 24
67 4
68 46
69 5
70 37
71 65
72 61
73 35
74 22
75 62
76 65
77 38
78 57
79 40
80 55
81 49
82 57
83 12
84 36
85 56
86 56
87 55
88 63
89 47
90 52
91 50
92 25
93 29
94 48
95 13
96 58
97 50
98 66
99 40
100 9
2 1
3 1
4 1
5 4
6 5
7 2
8 7
9 2
10 1
11 5
12 5
13 7
14 8
15 1
16 2
17 9
18 3
19 4
20 4
21 10
22 5
23 8
24 12
25 23
26 10
27 12
28 23
29 2
30 1
31 25
32 30
33 10
34 1
35 30
36 32
37 13
38 6
39 28
40 25
41 24
42 38
43 40
44 37
45 15
46 34
47 19
48 20
49 36
50 10
51 25
52 24
53 19
54 8
55 15
56 33
57 2
58 41
59 3
60 4
61 8
62 37
63 14
64 24
65 2
66 24
67 4
68 46
69 5
70 37
71 65
72 61
73 35
74 22
75 62
76 65
77 38
78 57
79 40
80 55
81 49
82 57
83 12
84 36
85 56
86 56
87 55
88 63
89 47
90 52
91 50
92 25
93 29
94 48
95 13
96 58
97 50
98 66
99 40
100 9
100
2 1
3 2
4 2
5 4
6 1
7 1
8 5
9 4
10 6
11 4
12 4
13 12
14 6
15 10
16 15
17 11
18 2
19 16
20 15
21 20
22 10
23 22
24 18
25 7
26 1
27 9
28 14
29 7
30 4
31 2
32 30
33 13
34 11
35 18
36 3
37 23
38 21
39 31
40 36
41 40
42 40
43 24
44 9
45 3
46 12
47 10
48 47
49 17
50 7
51 1
52 4
53 28
54 3
55 13
56 42
57 15
58 42
59 34
60 37
61 5
62 26
63 46
64 59
65 33
66 23
67 61
68 32
69 60
70 58
71 52
72 68
73 19
74 4
75 46
76 20
77 56
78 54
79 24
80 68
81 24
82 60
83 44
84 7
85 67
86 41
87 9
88 22
89 61
90 34
91 35
92 48
93 46
94 45
95 40
96 19
97 28
98 84
99 61
100 22
2 1
3 2
4 2
5 4
6 1
7 1
8 5
9 4
10 6
11 4
12 4
13 12
14 6
15 10
16 15
17 11
18 2
19 16
20 15
21 20
22 10
23 22
24 18
25 7
26 1
27 9
28 14
29 7
30 4
31 2
32 30
33 13
34 11
35 18
36 3
37 23
38 21
39 31
40 36
41 40
42 40
43 24
44 9
45 3
46 12
47 10
48 47
49 17
50 7
51 1
52 4
53 28
54 3
55 13
56 42
57 15
58 42
59 34
60 37
61 5
62 26
63 46
64 59
65 33
66 23
67 61
68 32
69 60
70 58
71 52
72 68
73 19
74 4
75 46
76 20
77 56
78 54
79 24
80 68
81 24
82 60
83 44
84 7
85 67
86 41
87 9
88 25
89 61
90 34
91 35
92 48
93 46
94 45
95 40
96 19
97 28
98 84
99 61
100 22
100
2 1
3 1
4 2
5 3
6 1
7 4
8 5
9 3
10 2
11 9
12 8
13 11
14 2
15 8
16 4
17 10
18 9
19 7
20 11
21 11
22 15
23 4
24 3
25 8
26 2
27 23
28 6
29 28
30 11
31 11
32 10
33 14
34 3
35 25
36 22
37 17
38 17
39 25
40 25
41 35
42 28
43 2
44 41
45 18
46 31
47 33
48 14
49 16
50 10
51 37
52 28
53 35
54 40
55 14
56 54
57 39
58 20
59 18
60 9
61 41
62 61
63 32
64 50
65 20
66 59
67 23
68 29
69 62
70 7
71 54
72 66
73 51
74 22
75 74
76 31
77 59
78 61
79 3
80 3
81 9
82 60
83 30
84 33
85 77
86 4
87 74
88 31
89 64
90 9
91 76
92 14
93 77
94 82
95 5
96 81
97 8
98 7
99 25
100 33
2 1
3 1
4 2
5 3
6 1
7 2
8 5
9 3
10 2
11 9
12 8
13 11
14 2
15 8
16 4
17 10
18 9
19 7
20 11
21 11
22 15
23 4
24 3
25 8
26 2
27 23
28 6
29 28
30 11
31 11
32 10
33 14
34 3
35 25
36 22
37 17
38 17
39 25
40 25
41 35
42 28
43 2
44 41
45 18
46 31
47 33
48 14
49 16
50 10
51 37
52 28
53 35
54 40
55 14
56 54
57 39
58 20
59 18
60 9
61 41
62 61
63 32
64 50
65 20
66 59
67 23
68 29
69 62
70 7
71 54
72 66
73 51
74 22
75 74
76 31
77 59
78 61
79 3
80 3
81 9
82 60
83 30
84 33
85 77
86 4
87 74
88 31
89 64
90 9
91 76
92 14
93 77
94 82
95 5
96 81
97 8
98 7
99 25
100 33
100
2 1
3 2
4 1
5 4
6 2
7 1
8 7
9 4
10 4
11 2
12 4
13 7
14 3
15 10
16 7
17 1
18 1
19 17
20 11
21 4
22 4
23 6
24 14
25 11
26 1
27 4
28 20
29 4
30 1
31 30
32 10
33 20
34 6
35 5
36 1
37 28
38 30
39 9
40 26
41 16
42 18
43 28
44 5
45 7
46 27
47 33
48 33
49 24
50 40
51 45
52 44
53 29
54 49
55 1
56 52
57 1
58 50
59 5
60 56
61 18
62 61
63 34
64 10
65 40
66 63
67 34
68 57
69 28
70 28
71 32
72 18
73 35
74 21
75 22
76 28
77 29
78 45
79 27
80 73
81 53
82 77
83 39
84 58
85 13
86 26
87 43
88 38
89 15
90 59
91 42
92 23
93 61
94 72
95 78
96 21
97 61
98 3
99 47
100 13
2 1
3 2
4 1
5 4
6 2
7 1
8 7
9 4
10 4
11 2
12 4
13 7
14 3
15 10
16 7
17 1
18 1
19 17
20 11
21 4
22 4
23 6
24 14
25 11
26 1
27 4
28 20
29 4
30 1
31 30
32 10
33 20
34 6
35 5
36 1
37 28
38 30
39 9
40 26
41 16
42 18
43 28
44 5
45 7
46 27
47 33
48 33
49 24
50 40
51 45
52 44
53 29
54 49
55 1
56 52
57 1
58 50
59 5
60 56
61 18
62 61
63 34
64 10
65 40
66 63
67 34
68 57
69 28
70 28
71 20
72 18
73 35
74 21
75 22
76 28
77 29
78 45
79 27
80 73
81 53
82 77
83 39
84 58
85 13
86 26
87 43
88 38
89 15
90 59
91 42
92 23
93 61
94 72
95 78
96 21
97 61
98 3
99 47
100 13
100
2 1
3 2
4 3
5 1
6 2
7 4
8 7
9 3
10 6
11 4
12 8
13 1
14 13
15 10
16 12
17 12
18 1
19 2
20 16
21 16
22 17
23 21
24 1
25 18
26 24
27 12
28 6
29 12
30 29
31 26
32 17
33 17
34 11
35 6
36 26
37 12
38 7
39 38
40 19
41 20
42 5
43 31
44 14
45 33
46 6
47 33
48 27
49 45
50 47
51 11
52 25
53 30
54 9
55 41
56 21
57 54
58 33
59 44
60 8
61 59
62 1
63 54
64 21
65 61
66 38
67 5
68 31
69 6
70 54
71 62
72 45
73 55
74 66
75 27
76 8
77 7
78 73
79 70
80 20
81 9
82 78
83 56
84 46
85 74
86 52
87 37
88 59
89 63
90 8
91 50
92 72
93 89
94 28
95 47
96 93
97 69
98 62
99 52
100 75
2 1
3 2
4 3
5 1
6 2
7 4
8 7
9 3
10 6
11 4
12 6
13 1
14 13
15 10
16 12
17 12
18 1
19 2
20 16
21 16
22 17
23 21
24 1
25 18
26 24
27 12
28 6
29 12
30 29
31 26
32 17
33 17
34 11
35 6
36 26
37 12
38 7
39 38
40 19
41 20
42 5
43 31
44 14
45 33
46 6
47 33
48 27
49 45
50 47
51 11
52 25
53 30
54 9
55 41
56 21
57 54
58 33
59 44
60 8
61 59
62 1
63 54
64 21
65 61
66 38
67 5
68 31
69 6
70 54
71 62
72 45
73 55
74 66
75 27
76 8
77 7
78 73
79 70
80 20
81 9
82 78
83 56
84 46
85 74
86 52
87 37
88 59
89 63
90 8
91 50
92 72
93 89
94 28
95 47
96 93
97 69
98 62
99 52
100 75
100
2 1
3 1
4 3
5 3
6 4
7 5
8 4
9 5
10 7
11 7
12 8
13 7
14 11
15 1
16 4
17 1
18 14
19 11
20 12
21 17
22 13
23 16
24 16
25 6
26 24
27 10
28 22
29 20
30 8
31 14
32 26
33 16
34 22
35 25
36 32
37 22
38 3
39 24
40 25
41 34
42 41
43 18
44 3
45 35
46 41
47 23
48 19
49 8
50 46
51 40
52 40
53 36
54 45
55 46
56 22
57 15
58 38
59 36
60 47
61 20
62 27
63 5
64 10
65 36
66 2
67 44
68 50
69 54
70 59
71 15
72 60
73 10
74 67
75 52
76 71
77 41
78 16
79 36
80 62
81 69
82 60
83 39
84 13
85 73
86 77
87 84
88 10
89 33
90 69
91 72
92 72
93 44
94 87
95 25
96 21
97 11
98 9
99 60
100 50
2 1
3 1
4 3
5 3
6 4
7 5
8 4
9 5
10 7
11 7
12 8
13 7
14 11
15 1
16 4
17 1
18 14
19 11
20 12
21 17
22 13
23 16
24 16
25 6
26 24
27 10
28 22
29 20
30 8
31 14
32 26
33 16
34 22
35 25
36 32
37 22
38 3
39 24
40 25
41 34
42 41
43 18
44 3
45 35
46 41
47 23
48 19
49 8
50 46
51 40
52 40
53 36
54 45
55 46
56 22
57 15
58 38
59 36
60 47
61 20
62 27
63 5
64 10
65 36
66 2
67 44
68 50
69 54
70 59
71 15
72 60
73 10
74 67
75 52
76 71
77 41
78 16
79 36
80 62
81 69
82 60
83 39
84 13
85 73
86 77
87 84
88 10
89 33
90 69
91 72
92 72
93 44
94 87
95 40
96 21
97 11
98 9
99 60
100 50
100
2 1
3 2
4 3
5 3
6 2
7 4
8 7
9 7
10 2
11 3
12 9
13 10
14 7
15 14
16 9
17 9
18 10
19 15
20 18
21 2
22 15
23 1
24 18
25 1
26 8
27 16
28 13
29 10
30 1
31 5
32 25
33 23
34 27
35 7
36 15
37 13
38 26
39 12
40 37
41 21
42 23
43 31
44 13
45 23
46 5
47 5
48 31
49 2
50 16
51 25
52 3
53 37
54 25
55 52
56 16
57 46
58 13
59 47
60 13
61 28
62 55
63 42
64 56
65 64
66 27
67 34
68 42
69 19
70 68
71 70
72 8
73 64
74 52
75 61
76 46
77 38
78 69
79 20
80 18
81 71
82 41
83 45
84 53
85 41
86 61
87 22
88 16
89 25
90 35
91 90
92 79
93 34
94 69
95 68
96 81
97 54
98 24
99 39
100 40
2 1
3 2
4 3
5 3
6 2
7 4
8 7
9 7
10 2
11 3
12 9
13 10
14 7
15 14
16 9
17 9
18 10
19 15
20 18
21 2
22 15
23 1
24 18
25 1
26 8
27 16
28 13
29 10
30 1
31 5
32 25
33 23
34 27
35 7
36 15
37 13
38 26
39 12
40 37
41 21
42 23
43 31
44 13
45 23
46 5
47 5
48 31
49 2
50 16
51 25
52 3
53 37
54 25
55 52
56 16
57 46
58 13
59 47
60 13
61 28
62 55
63 42
64 56
65 64
66 27
67 34
68 42
69 19
70 68
71 70
72 8
73 64
74 52
75 61
76 46
77 38
78 69
79 20
80 18
81 71
82 41
83 45
84 53
85 41
86 61
87 22
88 16
89 25
90 35
91 90
92 79
93 34
94 69
95 68
96 81
97 54
98 24
99 39
100 40
100
2 1
3 2
4 1
5 2
6 1
7 4
8 3
9 6
10 5
11 5
12 1
13 5
14 12
15 2
16 13
17 7
18 4
19 1
20 18
21 4
22 8
23 16
24 7
25 8
26 1
27 4
28 20
29 24
30 26
31 27
32 11
33 19
34 31
35 16
36 3
37 23
38 13
39 4
40 32
41 11
42 22
43 19
44 12
45 21
46 1
47 4
48 28
49 34
50 47
51 33
52 48
53 13
54 32
55 6
56 21
57 35
58 37
59 58
60 27
61 16
62 37
63 9
64 14
65 57
66 5
67 14
68 22
69 43
70 65
71 49
72 24
73 64
74 48
75 46
76 49
77 7
78 8
79 72
80 67
81 32
82 32
83 33
84 1
85 61
86 2
87 6
88 61
89 58
90 17
91 81
92 90
93 16
94 17
95 45
96 13
97 67
98 23
99 15
100 16
2 1
3 2
4 1
5 2
6 1
7 4
8 3
9 6
10 5
11 5
12 1
13 5
14 12
15 2
16 13
17 7
18 4
19 1
20 18
21 4
22 8
23 16
24 7
25 8
26 1
27 4
28 20
29 24
30 26
31 27
32 11
33 19
34 31
35 16
36 3
37 23
38 13
39 4
40 32
41 11
42 22
43 19
44 12
45 21
46 1
47 4
48 28
49 34
50 47
51 33
52 48
53 13
54 32
55 6
56 21
57 35
58 37
59 58
60 27
61 16
62 37
63 9
64 14
65 57
66 5
67 14
68 22
69 43
70 65
71 49
72 24
73 64
74 48
75 46
76 49
77 7
78 8
79 27
80 67
81 32
82 32
83 33
84 1
85 61
86 2
87 6
88 61
89 58
90 17
91 81
92 90
93 16
94 17
95 45
96 13
97 67
98 23
99 15
100 16
100
2 1
3 1
4 2
5 1
6 1
7 2
8 4
9 1
10 5
11 5
12 3
13 12
14 7
15 7
16 9
17 12
18 8
19 1
20 14
21 8
22 13
23 2
24 2
25 13
26 21
27 10
28 17
29 9
30 25
31 17
32 22
33 13
34 2
35 28
36 32
37 32
38 20
39 23
40 21
41 4
42 19
43 21
44 30
45 29
46 5
47 42
48 20
49 5
50 11
51 39
52 29
53 24
54 45
55 45
56 32
57 54
58 48
59 48
60 42
61 32
62 19
63 30
64 5
65 5
66 61
67 22
68 57
69 28
70 60
71 57
72 35
73 65
74 18
75 73
76 61
77 14
78 56
79 34
80 18
81 57
82 55
83 35
84 68
85 7
86 78
87 15
88 4
89 62
90 69
91 29
92 1
93 68
94 66
95 37
96 38
97 50
98 51
99 51
100 79
2 1
3 1
4 2
5 1
6 1
7 2
8 4
9 1
10 5
11 5
12 3
13 12
14 7
15 7
16 9
17 12
18 8
19 1
20 14
21 8
22 13
23 2
24 2
25 13
26 21
27 10
28 17
29 9
30 25
31 17
32 22
33 13
34 2
35 28
36 32
37 32
38 20
39 23
40 21
41 4
42 19
43 21
44 30
45 29
46 5
47 42
48 20
49 5
50 11
51 39
52 29
53 24
54 45
55 45
56 32
57 54
58 48
59 48
60 42
61 32
62 19
63 30
64 5
65 5
66 61
67 22
68 57
69 28
70 60
71 57
72 35
73 65
74 18
75 73
76 61
77 14
78 56
79 34
80 18
81 57
82 55
83 35
84 68
85 7
86 78
87 15
88 4
89 62
90 69
91 69
92 1
93 68
94 66
95 37
96 38
97 50
98 51
99 51
100 79
100
2 1
3 1
4 3
5 4
6 3
7 3
8 1
9 7
10 6
11 4
12 9
13 5
14 1
15 10
16 1
17 4
18 6
19 17
20 11
21 4
22 20
23 5
24 17
25 11
26 3
27 15
28 9
29 11
30 17
31 30
32 24
33 23
34 20
35 12
36 2
37 7
38 32
39 37
40 16
41 17
42 40
43 34
44 41
45 16
46 5
47 10
48 29
49 37
50 34
51 11
52 28
53 51
54 8
55 14
56 21
57 32
58 57
59 49
60 47
61 15
62 27
63 27
64 23
65 42
66 13
67 11
68 66
69 53
70 69
71 55
72 37
73 67
74 26
75 16
76 40
77 56
78 48
79 58
80 67
81 47
82 45
83 67
84 49
85 28
86 8
87 17
88 52
89 36
90 15
91 3
92 31
93 28
94 52
95 9
96 94
97 12
98 54
99 29
100 19
2 1
3 1
4 3
5 4
6 3
7 2
8 1
9 7
10 6
11 4
12 9
13 5
14 1
15 10
16 1
17 4
18 6
19 17
20 11
21 4
22 20
23 5
24 17
25 11
26 3
27 15
28 9
29 11
30 17
31 30
32 24
33 23
34 20
35 12
36 2
37 7
38 32
39 37
40 16
41 17
42 40
43 34
44 41
45 16
46 5
47 10
48 29
49 37
50 34
51 11
52 28
53 51
54 8
55 14
56 21
57 32
58 57
59 49
60 47
61 15
62 27
63 27
64 23
65 42
66 13
67 11
68 66
69 53
70 69
71 55
72 37
73 67
74 26
75 16
76 40
77 56
78 48
79 58
80 67
81 47
82 45
83 67
84 49
85 28
86 8
87 17
88 52
89 36
90 15
91 3
92 31
93 28
94 52
95 9
96 94
97 12
98 54
99 29
100 19
