20
100
2 1
3 2
4 3
5 3
6 3
7 6
8 7
9 8
10 2
11 6
12 4
13 1
14 13
15 12
16 10
17 4
18 6
19 14
20 7
21 16
22 11
23 21
24 9
25 6
26 2
27 17
28 23
29 15
30 29
31 12
32 12
33 13
34 26
35 1
36 19
37 10
38 9
39 37
40 28
41 5
42 6
43 27
44 24
45 12
46 42
47 18
48 20
49 3
50 9
51 38
52 19
53 46
54 42
55 43
56 28
57 49
58 33
59 51
60 29
61 41
62 5
63 12
64 2
65 58
66 13
67 58
68 66
69 19
70 49
71 25
72 63
73 9
74 44
75 49
76 74
77 60
78 61
79 51
80 19
81 36
82 66
83 4
84 72
85 57
86 44
87 5
88 51
89 30
90 28
91 90
92 90
93 38
94 2
95 39
96 54
97 84
98 87
99 53
100 25
2 1
3 2
4 3
5 3
6 3
7 6
8 7
9 8
10 2
11 6
12 4
13 1
14 13
15 12
16 10
17 4
18 6
19 14
20 7
21 16
22 11
23 21
24 9
25 6
26 2
27 17
28 23
29 15
30 29
31 12
32 12
33 13
34 26
35 1
36 19
37 10
38 9
39 37
40 28
41 5
42 6
43 27
44 24
45 12
46 42
47 18
48 20
49 3
50 9
51 38
52 19
53 46
54 42
55 43
56 28
57 49
58 33
59 51
60 29
61 5
62 5
63 12
64 2
65 58
66 13
67 58
68 66
69 19
70 49
71 25
72 63
73 9
74 44
75 49
76 74
77 60
78 61
79 51
80 19
81 36
82 66
83 4
84 72
85 57
86 44
87 5
88 51
89 30
90 28
91 90
92 90
93 38
94 2
95 39
96 54
97 84
98 87
99 53
100 25
100
2 1
3 2
4 3
5 1
6 1
7 4
8 2
9 2
10 5
11 4
12 11
13 10
14 3
15 10
16 11
17 2
18 4
19 16
20 13
21 17
22 4
23 18
24 15
25 10
26 16
27 16
28 12
29 15
30 3
31 23
32 11
33 2
34 25
35 25
36 10
37 16
38 23
39 15
40 29
41 21
42 22
43 13
44 29
45 30
46 32
47 6
48 39
49 44
50 25
51 11
52 9
53 46
54 29
55 37
56 27
57 22
58 24
59 21
60 47
61 55
62 33
63 5
64 48
65 63
66 5
67 29
68 52
69 64
70 32
71 31
72 42
73 59
74 23
75 61
76 52
77 65
78 75
79 25
80 61
81 67
82 77
83 10
84 52
85 67
86 79
87 44
88 1
89 29
90 2
91 67
92 6
93 65
94 65
95 12
96 94
97 24
98 62
99 69
100 73
2 1
3 2
4 3
5 1
6 1
7 4
8 2
9 2
10 5
11 4
12 11
13 10
14 3
15 10
16 11
17 2
18 4
19 16
20 13
21 17
22 4
23 18
24 15
25 10
26 16
27 16
28 12
29 15
30 3
31 23
32 11
33 2
34 25
35 25
36 10
37 16
38 23
39 15
40 29
41 21
42 22
43 10
44 29
45 30
46 32
47 6
48 39
49 44
50 25
51 11
52 9
53 46
54 29
55 37
56 27
57 22
58 24
59 21
60 47
61 55
62 33
63 5
64 48
65 63
66 5
67 29
68 52
69 64
70 32
71 31
72 42
73 59
74 23
75 61
76 52
77 65
78 75
79 25
80 61
81 67
82 77
83 10
84 52
85 67
86 79
87 44
88 1
89 29
90 2
91 67
92 6
93 65
94 65
95 12
96 94
97 24
98 62
99 69
100 73
100
2 1
3 2
4 2
5 4
6 5
7 2
8 2
9 3
10 9
11 1
12 4
13 9
14 2
15 5
16 3
17 4
18 12
19 1
20 8
21 14
22 2
23 9
24 11
25 10
26 2
27 17
28 7
29 26
30 17
31 6
32 22
33 8
34 27
35 18
36 34
37 31
38 28
39 6
40 1
41 1
42 36
43 20
44 11
45 26
46 42
47 16
48 45
49 39
50 44
51 24
52 48
53 25
54 17
55 51
56 33
57 24
58 32
59 56
60 57
61 36
62 29
63 9
64 12
65 26
66 58
67 39
68 49
69 68
70 47
71 5
72 18
73 17
74 67
75 5
76 31
77 43
78 5
79 16
80 54
81 25
82 20
83 43
84 8
85 48
86 78
87 24
88 59
89 30
90 6
91 35
92 81
93 20
94 39
95 33
96 59
97 77
98 31
99 51
100 13
2 1
3 2
4 2
5 4
6 5
7 2
8 2
9 3
10 9
11 1
12 4
13 9
14 2
15 5
16 3
17 4
18 12
19 1
20 8
21 14
22 2
23 9
24 11
25 10
26 2
27 17
28 7
29 26
30 17
31 6
32 22
33 8
34 27
35 18
36 34
37 31
38 28
39 6
40 1
41 1
42 36
43 20
44 11
45 26
46 42
47 16
48 45
49 39
50 44
51 24
52 48
53 25
54 17
55 51
56 33
57 24
58 32
59 56
60 24
61 36
62 29
63 9
64 12
65 26
66 58
67 39
68 49
69 68
70 47
71 5
72 18
73 17
74 67
75 5
76 31
77 43
78 5
79 16
80 54
81 25
82 20
83 43
84 8
85 48
86 78
87 24
88 59
89 30
90 6
91 35
92 81
93 20
94 39
95 33
96 59
97 77
98 31
99 51
100 13
100
2 1
3 2
4 3
5 2
6 5
7 4
8 1
9 7
10 4
11 10
12 2
13 5
14 3
15 4
16 8
17 15
18 7
19 16
20 9
21 4
22 20
23 10
24 20
25 20
26 7
27 10
28 26
29 24
30 20
31 20
32 3
33 28
34 7
35 25
36 23
37 14
38 19
39 12
40 26
41 33
42 16
43 17
44 20
45 36
46 6
47 25
48 22
49 26
50 43
51 24
52 1
53 27
54 6
55 53
56 11
57 43
58 44
59 31
60 38
61 56
62 10
63 7
64 47
65 33
66 55
67 14
68 23
69 42
70 34
71 46
72 3
73 38
74 50
75 41
76 17
77 73
78 17
79 65
80 74
81 27
82 78
83 37
84 19
85 40
86 27
87 5
88 43
89 23
90 34
91 10
92 18
93 55
94 78
95 46
96 78
97 14
98 66
99 38
100 57
2 1
3 2
4 3
5 2
6 5
7 4
8 1
9 7
10 4
11 10
12 2
13 5
14 3
15 4
16 8
17 15
18 7
19 16
20 9
21 4
22 20
23 10
24 20
25 20
26 7
27 10
28 26
29 24
30 20
31 20
32 3
33 28
34 7
35 25
36 23
37 14
38 16
39 12
40 26
41 33
42 16
43 17
44 20
45 36
46 6
47 25
48 22
49 26
50 43
51 24
52 1
53 27
54 6
55 53
56 11
57 43
58 44
59 31
60 38
61 56
62 10
63 7
64 47
65 33
66 55
67 14
68 23
69 42
70 34
71 46
72 3
73 38
74 50
75 41
76 17
77 73
78 17
79 65
80 74
81 27
82 78
83 37
84 19
85 40
86 27
87 5
88 43
89 23
90 34
91 10
92 18
93 55
94 78
95 46
96 78
97 14
98 66
99 38
100 57
100
2 1
3 1
4 1
5 4
6 4
7 4
8 4
9 1
10 6
11 10
12 1
13 5
14 11
15 12
16 11
17 15
18 17
19 10
20 15
21 11
22 17
23 18
24 6
25 8
26 4
27 25
28 1
29 8
30 25
31 27
32 27
33 7
34 20
35 13
36 3
37 9
38 36
39 4
40 6
41 7
42 39
43 28
44 43
45 26
46 13
47 35
48 10
49 17
50 5
51 40
52 16
53 32
54 15
55 37
56 54
57 18
58 1
59 19
60 41
61 38
62 49
63 29
64 32
65 20
66 23
67 20
68 52
69 13
70 53
71 19
72 62
73 25
74 7
75 42
76 70
77 31
78 11
79 2
80 11
81 75
82 46
83 43
84 61
85 6
86 83
87 22
88 64
89 23
90 48
91 25
92 86
93 50
94 47
95 68
96 94
97 85
98 13
99 19
100 38
2 1
3 1
4 1
5 4
6 4
7 4
8 4
9 1
10 6
11 10
12 1
13 5
14 11
15 12
16 11
17 15
18 17
19 10
20 15
21 11
22 17
23 18
24 6
25 8
26 4
27 25
28 1
29 8
30 25
31 27
32 27
33 7
34 20
35 13
36 3
37 9
38 36
39 4
40 6
41 7
42 39
43 28
44 43
45 26
46 13
47 35
48 10
49 17
50 5
51 40
52 16
53 32
54 15
55 37
56 54
57 18
58 1
59 19
60 41
61 38
62 49
63 29
64 32
65 20
66 23
67 20
68 52
69 13
70 53
71 10
72 62
73 25
74 7
75 42
76 70
77 31
78 11
79 2
80 11
81 75
82 46
83 43
84 61
85 6
86 83
87 22
88 64
89 23
90 48
91 25
92 86
93 50
94 47
95 68
96 94
97 85
98 13
99 19
100 38
100
2 1
3 2
4 2
5 1
6 1
7 1
8 6
9 8
10 2
11 2
12 8
13 6
14 1
15 7
16 5
17 13
18 6
19 9
20 12
21 3
22 1
23 12
24 4
25 5
26 24
27 23
28 16
29 8
30 24
31 24
32 30
33 21
34 14
35 19
36 2
37 1
38 3
39 1
40 7
41 18
42 5
43 33
44 16
45 20
46 25
47 46
48 22
49 24
50 12
51 12
52 33
53 45
54 48
55 50
56 27
57 21
58 40
59 18
60 7
61 26
62 36
63 40
64 13
65 4
66 62
67 51
68 45
69 26
70 1
71 14
72 55
73 17
74 6
75 43
76 71
77 55
78 54
79 50
80 16
81 16
82 35
83 60
84 10
85 77
86 47
87 22
88 10
89 54
90 37
91 17
92 46
93 5
94 73
95 15
96 64
97 75
98 49
99 54
100 73
2 1
3 2
4 2
5 1
6 1
7 1
8 6
9 8
10 2
11 2
12 8
13 6
14 1
15 7
16 5
17 13
18 6
19 9
20 12
21 3
22 1
23 12
24 4
25 5
26 24
27 23
28 16
29 8
30 24
31 24
32 30
33 21
34 14
35 19
36 2
37 1
38 3
39 1
40 7
41 18
42 5
43 33
44 16
45 20
46 25
47 46
48 22
49 24
50 12
51 12
52 33
53 45
54 48
55 50
56 27
57 21
58 40
59 18
60 7
61 26
62 36
63 40
64 13
65 4
66 62
67 51
68 45
69 26
70 1
71 14
72 55
73 17
74 6
75 43
76 71
77 55
78 54
79 50
80 16
81 16
82 35
83 60
84 10
85 77
86 47
87 22
88 10
89 54
90 37
91 17
92 46
93 5
94 73
95 15
96 64
97 75
98 49
99 54
100 73
100
2 1
3 2
4 3
5 4
6 1
7 1
8 7
9 8
10 6
11 10
12 8
13 11
14 11
15 2
16 2
17 8
18 3
19 11
20 11
21 15
22 4
23 22
24 3
25 11
26 9
27 12
28 2
29 7
30 16
31 27
32 2
33 17
34 10
35 19
36 6
37 28
38 26
39 5
40 12
41 13
42 3
43 30
44 14
45 16
46 6
47 39
48 28
49 5
50 31
51 20
52 47
53 43
54 35
55 3
56 45
57 3
58 21
59 38
60 41
61 39
62 53
63 50
64 8
65 43
66 13
67 22
68 15
69 17
70 13
71 64
72 1
73 35
74 5
75 56
76 22
77 38
78 19
79 4
80 72
81 16
82 21
83 60
84 69
85 67
86 75
87 83
88 81
89 50
90 3
91 66
92 33
93 29
94 57
95 81
96 59
97 29
98 27
99 72
100 96
2 1
3 2
4 3
5 4
6 1
7 1
8 7
9 8
10 1
11 10
12 8
13 11
14 11
15 2
16 2
17 8
18 3
19 11
20 11
21 15
22 4
23 22
24 3
25 11
26 9
27 12
28 2
29 7
30 16
31 27
32 2
33 17
34 10
35 19
36 6
37 28
38 26
39 5
40 12
41 13
42 3
43 30
44 14
45 16
46 6
47 39
48 28
49 5
50 31
51 20
52 47
53 43
54 35
55 3
56 45
57 3
58 21
59 38
60 41
61 39
62 53
63 50
64 8
65 43
66 13
67 22
68 15
69 17
70 13
71 64
72 1
73 35
74 5
75 56
76 22
77 38
78 19
79 4
80 72
81 16
82 21
83 60
84 69
85 67
86 75
87 83
88 81
89 50
90 3
91 66
92 33
93 29
94 57
95 81
96 59
97 29
98 27
99 72
100 96
100
2 1
3 1
4 2
5 1
6 1
7 3
8 7
9 6
10 1
11 8
12 10
13 4
14 5
15 12
16 14
17 3
18 6
19 10
20 18
21 2
22 1
23 6
24 6
25 16
26 19
27 7
28 17
29 21
30 28
31 2
32 5
33 4
34 2
35 18
36 13
37 20
38 3
39 21
40 38
41 39
42 21
43 39
44 2
45 37
46 12
47 19
48 13
49 47
50 10
51 7
52 47
53 27
54 15
55 44
56 46
57 19
58 7
59 33
60 34
61 48
62 48
63 56
64 26
65 15
66 18
67 55
68 28
69 49
70 22
71 36
72 26
73 11
74 26
75 30
76 42
77 7
78 9
79 50
80 15
81 30
82 38
83 5
84 9
85 10
86 35
87 3
88 42
89 87
90 74
91 40
92 34
93 72
94 38
95 19
96 56
97 3
98 5
99 32
100 58
2 1
3 1
4 2
5 1
6 1
7 3
8 7
9 6
10 1
11 8
12 10
13 4
14 5
15 12
16 14
17 3
18 6
19 10
20 18
21 2
22 1
23 6
24 6
25 16
26 19
27 7
28 17
29 21
30 28
31 2
32 5
33 4
34 2
35 18
36 13
37 20
38 3
39 21
40 38
41 39
42 21
43 39
44 2
45 37
46 12
47 19
48 13
49 47
50 10
51 7
52 47
53 27
54 15
55 44
56 46
57 19
58 7
59 33
60 34
61 48
62 48
63 56
64 26
65 15
66 18
67 55
68 28
69 49
70 22
71 36
72 26
73 11
74 26
75 30
76 42
77 7
78 9
79 50
80 12
81 30
82 38
83 5
84 9
85 10
86 35
87 3
88 42
89 87
90 74
91 40
92 34
93 72
94 38
95 19
96 56
97 3
98 5
99 32
100 58
100
2 1
3 2
4 2
5 4
6 2
7 2
8 2
9 7
10 7
11 1
12 4
13 2
14 11
15 3
16 2
17 12
18 4
19 11
20 6
21 15
22 6
23 22
24 19
25 10
26 20
27 14
28 16
29 14
30 2
31 20
32 29
33 6
34 26
35 18
36 19
37 30
38 5
39 7
40 36
41 27
42 10
43 20
44 5
45 39
46 44
47 32
48 13
49 37
50 25
51 37
52 37
53 10
54 9
55 49
56 32
57 9
58 34
59 20
60 52
61 51
62 59
63 47
64 19
65 55
66 12
67 66
68 5
69 38
70 11
71 29
72 58
73 42
74 57
75 55
76 66
77 22
78 38
79 65
80 19
81 72
82 54
83 2
84 5
85 21
86 55
87 17
88 73
89 26
90 56
91 52
92 84
93 30
94 90
95 29
96 55
97 62
98 93
99 82
100 67
2 1
3 2
4 2
5 4
6 2
7 2
8 2
9 7
10 7
11 1
12 4
13 2
14 11
15 3
16 2
17 12
18 4
19 11
20 6
21 15
22 6
23 22
24 19
25 10
26 20
27 14
28 16
29 14
30 2
31 20
32 29
33 6
34 26
35 18
36 19
37 30
38 5
39 7
40 36
41 27
42 10
43 20
44 5
45 39
46 44
47 32
48 13
49 37
50 25
51 37
52 37
53 10
54 9
55 49
56 32
57 9
58 34
59 20
60 52
61 51
62 59
63 47
64 19
65 55
66 12
67 66
68 5
69 38
70 11
71 29
72 58
73 42
74 57
75 55
76 66
77 22
78 38
79 65
80 11
81 72
82 54
83 2
84 5
85 21
86 55
87 17
88 73
89 26
90 56
91 52
92 84
93 30
94 90
95 29
96 55
97 62
98 93
99 82
100 67
100
2 1
3 2
4 2
5 4
6 1
7 3
8 2
9 8
10 5
11 5
12 3
13 4
14 8
15 6
16 14
17 14
18 12
19 12
20 14
21 7
22 15
23 16
24 1
25 18
26 21
27 8
28 8
29 9
30 21
31 12
32 19
33 7
34 29
35 15
36 19
37 3
38 6
39 34
40 6
41 37
42 31
43 23
44 29
45 12
46 41
47 19
48 43
49 16
50 2
51 35
52 42
53 38
54 9
55 10
56 32
57 43
58 12
59 52
60 32
61 7
62 39
63 5
64 4
65 19
66 44
67 20
68 45
69 15
70 3
71 25
72 51
73 20
74 17
75 74
76 71
77 6
78 10
79 14
80 79
81 53
82 8
83 29
84 33
85 66
86 21
87 60
88 23
89 12
90 53
91 87
92 54
93 29
94 9
95 23
96 25
97 96
98 1
99 89
100 13
2 1
3 2
4 2
5 4
6 1
7 3
8 2
9 8
10 5
11 5
12 3
13 4
14 8
15 6
16 14
17 14
18 12
19 12
20 14
21 7
22 15
23 16
24 1
25 18
26 21
27 8
28 8
29 9
30 21
31 12
32 19
33 7
34 29
35 15
36 19
37 3
38 6
39 34
40 6
41 37
42 31
43 23
44 29
45 12
46 41
47 19
48 43
49 16
50 2
51 35
52 42
53 38
54 9
55 5
56 32
57 43
58 12
59 52
60 32
61 7
62 39
63 5
64 4
65 19
66 44
67 20
68 45
69 15
70 3
71 25
72 51
73 20
74 17
75 74
76 71
77 6
78 10
79 14
80 79
81 53
82 8
83 29
84 33
85 66
86 21
87 60
88 23
89 12
90 53
91 87
92 54
93 29
94 9
95 23
96 25
97 96
98 1
99 89
100 13
100
2 1
3 2
4 1
5 3
6 3
7 3
8 1
9 8
10 1
11 1
12 9
13 9
14 9
15 9
16 5
17 6
18 13
19 2
20 9
21 1
22 4
23 17
24 8
25 13
26 13
27 13
28 19
29 24
30 9
31 25
32 6
33 6
34 31
35 28
36 5
37 32
38 27
39 33
40 4
41 3
42 5
43 42
44 31
45 44
46 30
47 41
48 6
49 25
50 19
51 46
52 20
53 34
54 23
55 44
56 23
57 20
58 1
59 36
60 11
61 22
62 28
63 29
64 62
65 15
66 50
67 35
68 41
69 36
70 57
71 66
72 17
73 20
74 42
75 4
76 30
77 22
78 35
79 31
80 16
81 4
82 54
83 16
84 55
85 79
86 24
87 54
88 82
89 73
90 72
91 79
92 56
93 91
94 2
95 71
96 23
97 41
98 8
99 7
100 86
2 1
3 2
4 1
5 3
6 3
7 3
8 1
9 8
10 1
11 1
12 9
13 9
14 9
15 9
16 5
17 6
18 13
19 2
20 9
21 1
22 4
23 17
24 8
25 13
26 13
27 13
28 19
29 24
30 9
31 25
32 6
33 6
34 31
35 28
36 5
37 32
38 27
39 33
40 4
41 3
42 5
43 42
44 31
45 44
46 30
47 41
48 6
49 25
50 19
51 46
52 20
53 34
54 23
55 44
56 23
57 20
58 1
59 36
60 11
61 22
62 28
63 29
64 62
65 15
66 50
67 35
68 41
69 36
70 57
71 66
72 17
73 20
74 42
75 4
76 30
77 22
78 35
79 31
80 16
81 4
82 54
83 16
84 55
85 79
86 8
87 54
88 82
89 73
90 72
91 79
92 56
93 91
94 2
95 71
96 23
97 41
98 8
99 7
100 86
100
2 1
3 1
4 3
5 3
6 3
7 5
8 5
9 5
10 5
11 3
12 4
13 9
14 10
15 10
16 12
17 10
18 9
19 1
20 11
21 1
22 14
23 12
24 16
25 1
26 14
27 22
28 12
29 3
30 11
31 14
32 27
33 29
34 25
35 22
36 12
37 15
38 2
39 33
40 19
41 26
42 39
43 27
44 27
45 14
46 18
47 41
48 31
49 31
50 12
51 6
52 49
53 1
54 23
55 12
56 8
57 13
58 14
59 12
60 38
61 27
62 38
63 54
64 11
65 6
66 20
67 30
68 20
69 58
70 3
71 3
72 63
73 21
74 61
75 59
76 71
77 26
78 60
79 33
80 57
81 5
82 38
83 61
84 4
85 75
86 82
87 33
88 43
89 41
90 86
91 33
92 51
93 65
94 73
95 46
96 52
97 82
98 67
99 58
100 72
3 1
3 2
4 3
5 3
6 3
7 5
8 5
9 5
10 5
11 3
12 4
13 9
14 10
15 10
16 12
17 10
18 9
19 1
20 11
21 1
22 14
23 12
24 16
25 1
26 14
27 22
28 12
29 3
30 11
31 14
32 27
33 29
34 25
35 22
36 12
37 15
38 2
39 33
40 19
41 26
42 39
43 27
44 27
45 14
46 18
47 41
48 31
49 31
50 12
51 6
52 49
53 1
54 23
55 12
56 8
57 13
58 14
59 12
60 38
61 27
62 38
63 54
64 11
65 6
66 20
67 30
68 20
69 58
70 3
71 3
72 63
73 21
74 61
75 59
76 71
77 26
78 60
79 33
80 57
81 5
82 38
83 61
84 4
85 75
86 82
87 33
88 43
89 41
90 86
91 33
92 51
93 65
94 73
95 46
96 52
97 82
98 67
99 58
100 72
100
2 1
3 1
4 3
5 4
6 4
7 2
8 4
9 1
10 8
11 8
12 5
13 10
14 7
15 9
16 4
17 8
18 4
19 10
20 1
21 8
22 13
23 6
24 19
25 19
26 14
27 22
28 4
29 17
30 14
31 28
32 20
33 27
34 23
35 34
36 1
37 3
38 33
39 24
40 4
41 35
42 39
43 8
44 43
45 8
46 29
47 23
48 29
49 25
50 14
51 28
52 4
53 49
54 3
55 22
56 40
57 54
58 2
59 8
60 28
61 28
62 37
63 7
64 37
65 8
66 64
67 63
68 38
69 31
70 23
71 39
72 63
73 4
74 31
75 6
76 25
77 75
78 24
79 68
80 55
81 5
82 40
83 65
84 25
85 82
86 50
87 29
88 53
89 23
90 45
91 50
92 7
93 62
94 45
95 80
96 29
97 77
98 13
99 49
100 16
2 1
3 1
4 3
5 4
6 4
7 2
8 4
9 1
10 8
11 8
12 5
13 10
14 7
15 9
16 4
17 8
18 4
19 10
20 1
21 8
22 13
23 6
24 19
25 19
26 14
27 22
28 4
29 17
30 14
31 28
32 20
33 27
34 23
35 34
36 1
37 3
38 33
39 24
40 4
41 35
42 39
43 8
44 43
45 8
46 29
47 23
48 29
49 25
50 14
51 28
52 4
53 49
54 3
55 22
56 40
57 54
58 2
59 8
60 28
61 28
62 37
63 7
64 37
65 8
66 64
67 63
68 38
69 31
70 23
71 39
72 63
73 4
74 31
75 6
76 25
77 75
78 24
79 68
80 55
81 5
82 40
83 65
84 25
85 82
86 50
87 29
88 53
89 23
90 45
91 50
92 7
93 62
94 45
95 80
96 29
97 77
98 13
99 25
100 16
100
2 1
3 1
4 1
5 2
6 1
7 3
8 4
9 3
10 8
11 5
12 4
13 12
14 5
15 9
16 7
17 7
18 17
19 9
20 7
21 16
22 19
23 3
24 15
25 3
26 12
27 6
28 11
29 22
30 29
31 12
32 19
33 30
34 22
35 2
36 25
37 22
38 5
39 10
40 23
41 39
42 8
43 13
44 38
45 6
46 11
47 21
48 43
49 34
50 30
51 5
52 9
53 44
54 22
55 24
56 48
57 12
58 17
59 37
60 21
61 34
62 31
63 33
64 9
65 29
66 4
67 63
68 11
69 19
70 24
71 4
72 5
73 22
74 39
75 26
76 17
77 52
78 77
79 47
80 63
81 71
82 62
83 58
84 64
85 61
86 8
87 8
88 17
89 33
90 40
91 67
92 54
93 49
94 69
95 20
96 62
97 74
98 18
99 77
100 35
2 1
3 1
4 1
5 2
6 1
7 3
8 4
9 3
10 8
11 5
12 4
13 12
14 5
15 9
16 7
17 7
18 17
19 9
20 7
21 16
22 19
23 3
24 15
25 3
26 12
27 6
28 11
29 22
30 29
31 12
32 19
33 30
34 22
35 2
36 25
37 22
38 5
39 10
40 23
41 39
42 8
43 13
44 38
45 6
46 11
47 21
48 43
49 34
50 30
51 5
52 9
53 44
54 22
55 24
56 48
57 4
58 17
59 37
60 21
61 34
62 31
63 33
64 9
65 29
66 4
67 63
68 11
69 19
70 24
71 4
72 5
73 22
74 39
75 26
76 17
77 52
78 77
79 47
80 63
81 71
82 62
83 58
84 64
85 61
86 8
87 8
88 17
89 33
90 40
91 67
92 54
93 49
94 69
95 20
96 62
97 74
98 18
99 77
100 35
100
2 1
3 2
4 3
5 3
6 2
7 5
8 2
9 5
10 3
11 5
12 2
13 5
14 1
15 10
16 6
17 2
18 3
19 5
20 3
21 17
22 2
23 9
24 1
25 5
26 19
27 10
28 1
29 9
30 16
31 3
32 18
33 20
34 8
35 32
36 11
37 12
38 9
39 13
40 35
41 7
42 19
43 16
44 28
45 43
46 44
47 16
48 14
49 17
50 27
51 12
52 8
53 32
54 28
55 10
56 17
57 34
58 4
59 27
60 38
61 47
62 2
63 19
64 9
65 16
66 6
67 61
68 5
69 46
70 18
71 31
72 71
73 31
74 63
75 40
76 75
77 2
78 73
79 75
80 51
81 16
82 41
83 23
84 31
85 57
86 77
87 24
88 45
89 59
90 47
91 44
92 52
93 58
94 79
95 61
96 38
97 40
98 47
99 6
100 22
2 1
3 2
4 3
5 3
6 2
7 5
8 2
9 5
10 3
11 5
12 2
13 5
14 1
15 10
16 6
17 2
18 3
19 5
20 3
21 17
22 2
23 5
24 1
25 5
26 19
27 10
28 1
29 9
30 16
31 3
32 18
33 20
34 8
35 32
36 11
37 12
38 9
39 13
40 35
41 7
42 19
43 16
44 28
45 43
46 44
47 16
48 14
49 17
50 27
51 12
52 8
53 32
54 28
55 10
56 17
57 34
58 4
59 27
60 38
61 47
62 2
63 19
64 9
65 16
66 6
67 61
68 5
69 46
70 18
71 31
72 71
73 31
74 63
75 40
76 75
77 2
78 73
79 75
80 51
81 16
82 41
83 23
84 31
85 57
86 77
87 24
88 45
89 59
90 47
91 44
92 52
93 58
94 79
95 61
96 38
97 40
98 47
99 6
100 22
100
2 1
3 2
4 3
5 4
6 2
7 2
8 3
9 2
10 2
11 1
12 10
13 7
14 4
15 2
16 13
17 5
18 11
19 15
20 8
21 19
22 1
23 8
24 17
25 6
26 8
27 1
28 1
29 17
30 27
31 7
32 9
33 5
34 31
35 8
36 15
37 36
38 16
39 37
40 16
41 15
42 40
43 32
44 43
45 36
46 43
47 23
48 2
49 45
50 37
51 19
52 32
53 1
54 21
55 17
56 45
57 32
58 15
59 18
60 9
61 10
62 44
63 2
64 47
65 33
66 16
67 56
68 12
69 15
70 12
71 15
72 68
73 12
74 53
75 10
76 43
77 74
78 42
79 20
80 52
81 79
82 33
83 3
84 69
85 48
86 33
87 58
88 69
89 9
90 63
91 8
92 84
93 42
94 32
95 11
96 21
97 68
98 9
99 95
100 92
2 1
3 2
4 3
5 4
6 2
7 2
8 3
9 2
10 2
11 1
12 10
13 7
14 4
15 2
16 13
17 5
18 11
19 15
20 8
21 19
22 1
23 8
24 17
25 6
26 8
27 1
28 1
29 17
30 27
31 7
32 9
33 5
34 31
35 8
36 15
37 36
38 16
39 37
40 16
41 15
42 40
43 32
44 43
45 15
46 43
47 23
48 2
49 45
50 37
51 19
52 32
53 1
54 21
55 17
56 45
57 32
58 15
59 18
60 9
61 10
62 44
63 2
64 47
65 33
66 16
67 56
68 12
69 15
70 12
71 15
72 68
73 12
74 53
75 10
76 43
77 74
78 42
79 20
80 52
81 79
82 33
83 3
84 69
85 48
86 33
87 58
88 69
89 9
90 63
91 8
92 84
93 42
94 32
95 11
96 21
97 68
98 9
99 95
100 92
100
2 1
3 1
4 1
5 2
6 4
7 4
8 3
9 6
10 3
11 3
12 1
13 8
14 4
15 14
16 5
17 15
18 16
19 1
20 7
21 17
22 17
23 6
24 3
25 17
26 8
27 5
28 9
29 2
30 11
31 18
32 13
33 20
34 22
35 30
36 22
37 31
38 9
39 26
40 34
41 31
42 30
43 1
44 22
45 44
46 22
47 41
48 41
49 36
50 3
51 32
52 46
53 31
54 24
55 5
56 49
57 44
58 39
59 33
60 43
61 22
62 10
63 11
64 51
65 3
66 18
67 17
68 42
69 33
70 20
71 47
72 43
73 35
74 26
75 13
76 37
77 71
78 35
79 25
80 65
81 39
82 48
83 2
84 82
85 32
86 51
87 32
88 9
89 5
90 60
91 40
92 15
93 77
94 24
95 60
96 1
97 94
98 82
99 77
100 63
2 1
3 1
4 1
5 2
6 4
7 4
8 3
9 6
10 1
11 3
12 1
13 8
14 4
15 14
16 5
17 15
18 16
19 1
20 7
21 17
22 17
23 6
24 3
25 17
26 8
27 5
28 9
29 2
30 11
31 18
32 13
33 20
34 22
35 30
36 22
37 31
38 9
39 26
40 34
41 31
42 30
43 1
44 22
45 44
46 22
47 41
48 41
49 36
50 3
51 32
52 46
53 31
54 24
55 5
56 49
57 44
58 39
59 33
60 43
61 22
62 10
63 11
64 51
65 3
66 18
67 17
68 42
69 33
70 20
71 47
72 43
73 35
74 26
75 13
76 37
77 71
78 35
79 25
80 65
81 39
82 48
83 2
84 82
85 32
86 51
87 32
88 9
89 5
90 60
91 40
92 15
93 77
94 24
95 60
96 1
97 94
98 82
99 77
100 63
100
2 1
3 2
4 1
5 2
6 1
7 6
8 3
9 2
10 7
11 3
12 1
13 10
14 12
15 10
16 6
17 16
18 3
19 2
20 2
21 20
22 10
23 21
24 8
25 21
26 17
27 14
28 16
29 7
30 4
31 15
32 29
33 31
34 24
35 28
36 2
37 27
38 7
39 29
40 38
41 8
42 1
43 23
44 25
45 5
46 18
47 4
48 38
49 1
50 9
51 47
52 45
53 40
54 28
55 40
56 34
57 8
58 27
59 52
60 2
61 29
62 17
63 50
64 63
65 59
66 51
67 13
68 48
69 21
70 46
71 20
72 18
73 41
74 68
75 7
76 24
77 3
78 69
79 29
80 71
81 59
82 78
83 37
84 16
85 6
86 82
87 6
88 37
89 62
90 66
91 31
92 49
93 12
94 64
95 44
96 9
97 61
98 7
99 14
100 29
2 1
3 2
4 1
5 2
6 1
7 6
8 3
9 2
10 7
11 3
12 1
13 10
14 12
15 10
16 6
17 16
18 3
19 2
20 2
21 20
22 10
23 21
24 8
25 21
26 17
27 14
28 16
29 7
30 4
31 15
32 29
33 31
34 24
35 28
36 2
37 27
38 7
39 29
40 38
41 8
42 1
43 23
44 25
45 5
46 18
47 4
48 38
49 1
50 9
51 47
52 45
53 40
54 28
55 40
56 34
57 8
58 27
59 52
60 2
61 29
62 17
63 50
64 63
65 59
66 51
67 13
68 48
69 21
70 46
71 20
72 18
73 41
74 68
75 7
76 24
77 3
78 69
79 29
80 71
81 59
82 78
83 37
84 16
85 6
86 82
87 6
88 37
89 62
90 66
91 31
92 49
93 1
94 64
95 44
96 9
97 61
98 7
99 14
100 29
100
2 1
3 2
4 3
5 2
6 3
7 6
8 5
9 4
10 2
11 3
12 3
13 4
14 10
15 11
16 1
17 10
18 7
19 8
20 12
21 16
22 11
23 15
24 11
25 8
26 24
27 8
28 22
29 18
30 11
31 24
32 29
33 25
34 30
35 11
36 17
37 20
38 4
39 7
40 21
41 25
42 13
43 6
44 30
45 11
46 10
47 15
48 35
49 15
50 48
51 43
52 22
53 25
54 51
55 50
56 55
57 5
58 20
59 27
60 33
61 15
62 16
63 13
64 7
65 8
66 8
67 54
68 65
69 32
70 48
71 60
72 53
73 3
74 16
75 34
76 3
77 55
78 16
79 27
80 62
81 49
82 37
83 74
84 2
85 1
86 69
87 81
88 51
89 19
90 74
91 76
92 71
93 50
94 28
95 11
96 18
97 85
98 20
99 56
100 7
2 1
3 2
4 3
5 2
6 3
7 6
8 5
9 4
10 2
11 3
12 3
13 4
14 10
15 11
16 1
17 10
18 7
19 8
20 12
21 16
22 11
23 15
24 11
25 8
26 24
27 8
28 22
29 18
30 11
31 24
32 29
33 25
34 30
35 11
36 17
37 20
38 4
39 7
40 21
41 25
42 13
43 6
44 30
45 11
46 10
47 15
48 35
49 15
50 48
51 43
52 22
53 25
54 51
55 50
56 55
57 5
58 20
59 27
60 33
61 15
62 16
63 13
64 7
65 8
66 8
67 54
68 65
69 32
70 35
71 60
72 53
73 3
74 16
75 34
76 3
77 55
78 16
79 27
80 62
81 49
82 37
83 74
84 2
85 1
86 69
87 81
88 51
89 19
90 74
91 76
92 71
93 50
94 28
95 11
96 18
97 85
98 20
99 56
100 7
100
2 1
3 2
4 2
5 1
6 1
7 2
8 7
9 2
10 7
11 6
12 7
13 2
14 13
15 3
16 7
17 10
18 2
19 3
20 19
21 16
22 17
23 5
24 5
25 17
26 22
27 26
28 8
29 1
30 18
31 27
32 20
33 17
34 31
35 27
36 18
37 19
38 7
39 36
40 2
41 36
42 24
43 26
44 23
45 5
46 21
47 28
48 39
49 39
50 48
51 2
52 36
53 22
54 27
55 52
56 33
57 6
58 4
59 41
60 8
61 51
62 9
63 60
64 19
65 27
66 20
67 6
68 10
69 8
70 59
71 18
72 66
73 46
74 68
75 63
76 26
77 55
78 42
79 24
80 69
81 1
82 37
83 78
84 7
85 79
86 37
87 6
88 24
89 34
90 14
91 84
92 36
93 45
94 1
95 83
96 83
97 40
98 34
99 82
100 94
2 1
3 2
4 2
5 1
6 1
7 2
8 7
9 2
10 7
11 6
12 7
13 2
14 13
15 3
16 7
17 10
18 2
19 3
20 19
21 16
22 17
23 5
24 5
25 17
26 22
27 26
28 8
29 1
30 18
31 27
32 20
33 17
34 31
35 27
36 18
37 19
38 7
39 36
40 2
41 36
42 24
43 26
44 23
45 5
46 21
47 28
48 39
49 39
50 48
51 2
52 36
53 22
54 27
55 52
56 33
57 6
58 4
59 41
60 8
61 51
62 9
63 60
64 19
65 27
66 20
67 6
68 10
69 8
70 59
71 18
72 66
73 46
74 68
75 63
76 26
77 55
78 42
79 24
80 8
81 1
82 37
83 78
84 7
85 79
86 37
87 6
88 24
89 34
90 14
91 84
92 36
93 45
94 1
95 83
96 83
97 40
98 34
99 82
100 94
