20
50
2 1
3 1
4 1
5 1
6 2
7 3
8 6
9 6
10 2
11 8
12 8
13 7
14 10
15 8
16 11
17 3
18 1
19 15
20 18
21 16
22 12
23 14
24 6
25 20
26 21
27 23
28 27
29 23
30 9
31 29
32 25
33 18
34 27
35 29
36 27
37 3
38 2
39 29
40 3
41 37
42 4
43 38
44 17
45 19
46 1
47 17
48 31
49 4
50 8
2 1
3 1
4 1
5 1
6 2
7 3
8 6
9 6
10 2
11 8
12 8
13 7
14 10
15 8
16 11
17 1
18 1
19 15
20 18
21 16
22 12
23 14
24 6
25 20
26 21
27 23
28 27
29 23
30 9
31 29
32 25
33 18
34 27
35 29
36 27
37 3
38 2
39 29
40 3
41 37
42 4
43 38
44 17
45 19
46 1
47 17
48 31
49 4
50 8
50
2 1
3 1
4 3
5 2
6 3
7 3
8 5
9 1
10 4
11 4
12 5
13 3
14 4
15 4
16 14
17 12
18 14
19 6
20 2
21 5
22 16
23 4
24 11
25 17
26 8
27 22
28 25
29 16
30 22
31 9
32 3
33 32
34 17
35 12
36 35
37 2
38 23
39 7
40 29
41 32
42 24
43 40
44 42
45 2
46 9
47 23
48 41
49 14
50 16
2 1
3 1
4 3
5 2
6 3
7 3
8 5
9 1
10 3
11 4
12 5
13 3
14 4
15 4
16 14
17 12
18 14
19 6
20 2
21 5
22 16
23 4
24 11
25 17
26 8
27 22
28 25
29 16
30 22
31 9
32 3
33 32
34 17
35 12
36 35
37 2
38 23
39 7
40 29
41 32
42 24
43 40
44 42
45 2
46 9
47 23
48 41
49 14
50 16
50
2 1
3 1
4 1
5 1
6 4
7 2
8 7
9 8
10 6
11 5
12 2
13 4
14 3
15 5
16 10
17 10
18 1
19 2
20 8
21 11
22 21
23 3
24 4
25 7
26 15
27 26
28 4
29 20
30 25
31 25
32 14
33 6
34 28
35 25
36 29
37 22
38 17
39 3
40 17
41 12
42 22
43 32
44 18
45 6
46 22
47 34
48 46
49 10
50 26
2 1
3 1
4 1
5 1
6 4
7 2
8 7
9 7
10 6
11 5
12 2
13 4
14 3
15 5
16 10
17 10
18 1
19 2
20 8
21 11
22 21
23 3
24 4
25 7
26 15
27 26
28 4
29 20
30 25
31 25
32 14
33 6
34 28
35 25
36 29
37 22
38 17
39 3
40 17
41 12
42 22
43 32
44 18
45 6
46 22
47 34
48 46
49 10
50 26
50
2 1
3 2
4 2
5 3
6 1
7 3
8 6
9 2
10 5
11 4
12 10
13 8
14 12
15 3
16 9
17 4
18 17
19 11
20 11
21 16
22 7
23 5
24 15
25 6
26 23
27 26
28 13
29 15
30 1
31 18
32 23
33 21
34 14
35 33
36 10
37 14
38 22
39 36
40 29
41 23
42 36
43 19
44 20
45 19
46 1
47 9
48 23
49 31
50 33
2 1
3 2
4 2
5 3
6 1
7 3
8 6
9 2
10 5
11 4
12 10
13 8
14 12
15 3
16 9
17 4
18 17
19 11
20 11
21 16
22 3
23 5
24 15
25 6
26 23
27 26
28 13
29 15
30 1
31 18
32 23
33 21
34 14
35 33
36 10
37 14
38 22
39 36
40 29
41 23
42 36
43 19
44 20
45 19
46 1
47 9
48 23
49 31
50 33
50
2 1
3 2
4 2
5 2
6 4
7 1
8 1
9 4
10 6
11 5
12 10
13 5
14 6
15 5
16 11
17 8
18 13
19 11
20 5
21 15
22 19
23 2
24 23
25 13
26 10
27 20
28 4
29 4
30 22
31 26
32 25
33 23
34 17
35 20
36 31
37 31
38 6
39 4
40 21
41 20
42 5
43 3
44 42
45 21
46 45
47 20
48 31
49 45
50 1
2 1
3 2
4 2
5 2
6 4
7 1
8 1
9 4
10 6
11 5
12 10
13 5
14 6
15 5
16 11
17 8
18 13
19 11
20 5
21 15
22 19
23 2
24 23
25 13
26 6
27 20
28 4
29 4
30 22
31 26
32 25
33 23
34 17
35 20
36 31
37 31
38 6
39 4
40 21
41 20
42 5
43 3
44 42
45 21
46 45
47 20
48 31
49 45
50 1
50
2 1
3 1
4 2
5 1
6 2
7 1
8 5
9 5
10 6
11 1
12 5
13 3
14 8
15 3
16 3
17 8
18 15
19 15
20 8
21 17
22 15
23 2
24 9
25 5
26 13
27 9
28 15
29 11
30 26
31 7
32 12
33 21
34 4
35 10
36 22
37 1
38 3
39 16
40 29
41 9
42 25
43 40
44 23
45 6
46 21
47 29
48 25
49 13
50 25
2 1
3 1
4 2
5 1
6 2
7 1
8 5
9 5
10 6
11 1
12 5
13 3
14 8
15 3
16 3
17 8
18 15
19 15
20 8
21 17
22 15
23 2
24 9
25 5
26 13
27 9
28 15
29 11
30 26
31 7
32 12
33 21
34 4
35 10
36 22
37 1
38 3
39 16
40 29
41 9
42 25
43 40
44 23
45 6
46 21
47 29
48 25
49 13
50 25
50
2 1
3 2
4 2
5 3
6 1
7 6
8 6
9 5
10 4
11 6
12 7
13 5
14 6
15 3
16 12
17 6
18 7
19 9
20 4
21 7
22 3
23 16
24 17
25 15
26 19
27 6
28 22
29 7
30 27
31 30
32 11
33 15
34 24
35 30
36 32
37 13
38 19
39 37
40 25
41 29
42 11
43 9
44 15
45 2
46 32
47 18
48 37
49 21
50 25
2 1
3 2
4 2
5 3
6 1
7 6
8 6
9 5
10 4
11 6
12 7
13 5
14 6
15 3
16 12
17 6
18 7
19 9
20 4
21 7
22 3
23 16
24 17
25 15
26 19
27 6
28 22
29 7
30 27
31 30
32 11
33 15
34 24
35 30
36 32
37 13
38 19
39 13
40 25
41 29
42 11
43 9
44 15
45 2
46 32
47 18
48 37
49 21
50 25
50
2 1
3 2
4 2
5 2
6 2
7 6
8 7
9 7
10 2
11 2
12 1
13 4
14 13
15 4
16 12
17 9
18 5
19 13
20 4
21 19
22 13
23 15
24 16
25 14
26 1
27 3
28 24
29 9
30 26
31 22
32 28
33 23
34 16
35 33
36 18
37 17
38 32
39 16
40 19
41 40
42 9
43 23
44 29
45 32
46 16
47 14
48 36
49 38
50 15
2 1
3 2
4 2
5 2
6 2
7 6
8 7
9 7
10 2
11 2
12 1
13 4
14 13
15 4
16 12
17 9
18 5
19 13
20 4
21 19
22 13
23 15
24 16
25 14
26 1
27 3
28 24
29 9
30 26
31 13
32 28
33 23
34 16
35 33
36 18
37 17
38 32
39 16
40 19
41 40
42 9
43 23
44 29
45 32
46 16
47 14
48 36
49 38
50 15
50
2 1
3 1
4 2
5 3
6 2
7 5
8 6
9 7
10 5
11 6
12 3
13 7
14 7
15 11
16 8
17 10
18 15
19 1
20 4
21 1
22 14
23 21
24 23
25 22
26 19
27 17
28 21
29 9
30 27
31 3
32 13
33 20
34 12
35 20
36 14
37 7
38 9
39 16
40 2
41 10
42 41
43 6
44 10
45 17
46 26
47 3
48 2
49 2
50 31
2 1
3 1
4 2
5 3
6 2
7 5
8 6
9 7
10 5
11 6
12 3
13 7
14 7
15 11
16 8
17 10
18 15
19 1
20 4
21 1
22 14
23 21
24 23
25 22
26 19
27 17
28 21
29 9
30 27
31 3
32 13
33 20
34 12
35 4
36 14
37 7
38 9
39 16
40 2
41 10
42 41
43 6
44 10
45 17
46 26
47 3
48 2
49 2
50 31
50
2 1
3 2
4 1
5 2
6 2
7 1
8 6
9 8
10 9
11 4
12 4
13 2
14 7
15 13
16 13
17 12
18 1
19 4
20 17
21 13
22 5
23 2
24 9
25 16
26 12
27 2
28 6
29 7
30 10
31 12
32 13
33 6
34 25
35 6
36 19
37 28
38 16
39 24
40 3
41 21
42 6
43 19
44 39
45 35
46 16
47 16
48 33
49 30
50 33
2 1
3 2
4 1
5 2
6 2
7 1
8 6
9 8
10 9
11 4
12 4
13 2
14 7
15 13
16 13
17 12
18 1
19 4
20 17
21 13
22 5
23 2
24 9
25 16
26 12
27 2
28 6
29 7
30 10
31 12
32 13
33 6
34 25
35 6
36 19
37 28
38 16
39 24
40 3
41 21
42 6
43 19
44 39
45 35
46 16
47 16
48 33
49 30
50 33
50
2 1
3 1
4 1
5 1
6 4
7 5
8 6
9 2
10 8
11 5
12 8
13 6
14 3
15 10
16 6
17 4
18 5
19 6
20 1
21 9
22 6
23 22
24 17
25 15
26 23
27 13
28 14
29 22
30 10
31 14
32 14
33 12
34 28
35 13
36 3
37 16
38 10
39 34
40 22
41 2
42 13
43 7
44 6
45 8
46 15
47 21
48 18
49 38
50 42
2 1
3 1
4 1
5 1
6 4
7 5
8 6
9 2
10 8
11 5
12 8
13 6
14 1
15 10
16 6
17 4
18 5
19 6
20 1
21 9
22 6
23 22
24 17
25 15
26 23
27 13
28 14
29 22
30 10
31 14
32 14
33 12
34 28
35 13
36 3
37 16
38 10
39 34
40 22
41 2
42 13
43 7
44 6
45 8
46 15
47 21
48 18
49 38
50 42
50
2 1
3 2
4 2
5 2
6 5
7 2
8 7
9 6
10 7
11 7
12 6
13 1
14 7
15 13
16 10
17 14
18 3
19 8
20 19
21 10
22 18
23 19
24 4
25 15
26 8
27 16
28 5
29 2
30 15
31 4
32 23
33 21
34 22
35 7
36 28
37 21
38 35
39 23
40 7
41 22
42 38
43 16
44 37
45 36
46 27
47 23
48 30
49 41
50 32
2 1
3 2
4 2
5 2
6 2
7 2
8 7
9 6
10 7
11 7
12 6
13 1
14 7
15 13
16 10
17 14
18 3
19 8
20 19
21 10
22 18
23 19
24 4
25 15
26 8
27 16
28 5
29 2
30 15
31 4
32 23
33 21
34 22
35 7
36 28
37 21
38 35
39 23
40 7
41 22
42 38
43 16
44 37
45 36
46 27
47 23
48 30
49 41
50 32
50
2 1
3 2
4 2
5 4
6 5
7 5
8 1
9 2
10 7
11 1
12 10
13 9
14 2
15 14
16 15
17 9
18 17
19 8
20 17
21 19
22 6
23 17
24 17
25 1
26 20
27 26
28 21
29 4
30 6
31 10
32 7
33 2
34 1
35 8
36 30
37 12
38 15
39 17
40 22
41 32
42 15
43 40
44 22
45 38
46 43
47 7
48 31
49 24
50 5
2 1
3 2
4 2
5 4
6 5
7 5
8 1
9 2
10 7
11 1
12 10
13 9
14 4
15 14
16 15
17 9
18 17
19 8
20 17
21 19
22 6
23 17
24 17
25 1
26 20
27 26
28 21
29 4
30 6
31 10
32 7
33 2
34 1
35 8
36 30
37 12
38 15
39 17
40 22
41 32
42 15
43 40
44 22
45 38
46 43
47 7
48 31
49 24
50 5
50
2 1
3 1
4 3
5 1
6 5
7 5
8 2
9 4
10 3
11 8
12 9
13 11
14 2
15 4
16 2
17 1
18 15
19 10
20 1
21 18
22 3
23 21
24 16
25 10
26 20
27 11
28 17
29 27
30 21
31 6
32 15
33 25
34 17
35 3
36 33
37 5
38 23
39 35
40 21
41 28
42 31
43 36
44 16
45 44
46 13
47 18
48 30
49 18
50 18
2 1
3 1
4 3
5 1
6 1
7 5
8 2
9 4
10 3
11 8
12 9
13 11
14 2
15 4
16 2
17 1
18 15
19 10
20 1
21 18
22 3
23 21
24 16
25 10
26 20
27 11
28 17
29 27
30 21
31 6
32 15
33 25
34 17
35 3
36 33
37 5
38 23
39 35
40 21
41 28
42 31
43 36
44 16
45 44
46 13
47 18
48 30
49 18
50 18
50
2 1
3 1
4 3
5 2
6 1
7 3
8 1
9 4
10 7
11 2
12 7
13 8
14 4
15 2
16 11
17 16
18 14
19 10
20 2
21 9
22 8
23 2
24 21
25 21
26 5
27 6
28 23
29 23
30 28
31 14
32 12
33 29
34 13
35 10
36 15
37 11
38 6
39 4
40 16
41 22
42 17
43 20
44 24
45 36
46 2
47 44
48 14
49 8
50 46
2 1
3 1
4 3
5 2
6 1
7 3
8 1
9 4
10 7
11 2
12 7
13 8
14 4
15 2
16 11
17 16
18 14
19 10
20 2
21 9
22 8
23 2
24 21
25 21
26 5
27 6
28 23
29 23
30 28
31 14
32 12
33 29
34 13
35 10
36 15
37 11
38 6
39 4
40 16
41 22
42 16
43 20
44 24
45 36
46 2
47 44
48 14
49 8
50 46
50
2 1
3 2
4 3
5 3
6 3
7 6
8 1
9 7
10 7
11 7
12 11
13 3
14 1
15 5
16 6
17 5
18 12
19 16
20 7
21 19
22 7
23 11
24 19
25 22
26 18
27 1
28 25
29 22
30 12
31 6
32 4
33 23
34 31
35 14
36 15
37 26
38 19
39 15
40 10
41 8
42 15
43 17
44 3
45 12
46 16
47 1
48 5
49 14
50 16
2 1
3 2
4 3
5 3
6 3
7 6
8 1
9 7
10 7
11 7
12 11
13 3
14 1
15 5
16 6
17 5
18 12
19 16
20 7
21 19
22 7
23 11
24 19
25 22
26 18
27 2
28 25
29 22
30 12
31 6
32 4
33 23
34 31
35 14
36 15
37 26
38 19
39 15
40 10
41 8
42 15
43 17
44 3
45 12
46 16
47 1
48 5
49 14
50 16
50
2 1
3 1
4 3
5 1
6 3
7 5
8 7
9 4
10 3
11 9
12 6
13 8
14 10
15 4
16 3
17 12
18 8
19 2
20 17
21 17
22 3
23 3
24 6
25 15
26 16
27 6
28 22
29 13
30 3
31 5
32 19
33 4
34 24
35 22
36 35
37 5
38 14
39 33
40 4
41 21
42 26
43 13
44 39
45 5
46 19
47 32
48 3
49 18
50 40
2 1
3 1
4 3
5 1
6 3
7 5
8 7
9 4
10 3
11 9
12 6
13 8
14 3
15 4
16 3
17 12
18 8
19 2
20 17
21 17
22 3
23 3
24 6
25 15
26 16
27 6
28 22
29 13
30 3
31 5
32 19
33 4
34 24
35 22
36 35
37 5
38 14
39 33
40 4
41 21
42 26
43 13
44 39
45 5
46 19
47 32
48 3
49 18
50 40
50
2 1
3 2
4 3
5 1
6 1
7 5
8 2
9 1
10 6
11 6
12 3
13 11
14 1
15 13
16 8
17 2
18 3
19 3
20 8
21 9
22 6
23 16
24 14
25 8
26 16
27 8
28 27
29 3
30 5
31 18
32 22
33 27
34 19
35 11
36 7
37 36
38 33
39 6
40 8
41 35
42 5
43 32
44 20
45 11
46 11
47 6
48 38
49 40
50 22
2 1
3 2
4 3
5 1
6 1
7 5
8 2
9 1
10 6
11 6
12 3
13 11
14 1
15 13
16 8
17 2
18 3
19 3
20 8
21 9
22 6
23 16
24 14
25 8
26 16
27 8
28 27
29 3
30 5
31 18
32 22
33 27
34 19
35 11
36 7
37 36
38 33
39 6
40 8
41 11
42 5
43 32
44 20
45 11
46 11
47 6
48 38
49 40
50 22
50
2 1
3 2
4 1
5 3
6 5
7 3
8 2
9 1
10 1
11 3
12 8
13 11
14 6
15 10
16 7
17 16
18 3
19 14
20 13
21 1
22 17
23 8
24 8
25 23
26 13
27 5
28 6
29 9
30 25
31 9
32 31
33 31
34 18
35 26
36 24
37 34
38 4
39 21
40 26
41 22
42 32
43 14
44 3
45 10
46 15
47 1
48 35
49 41
50 23
2 1
3 2
4 1
5 3
6 5
7 3
8 2
9 1
10 1
11 3
12 8
13 11
14 6
15 10
16 7
17 16
18 3
19 14
20 13
21 1
22 17
23 8
24 8
25 23
26 13
27 5
28 6
29 9
30 25
31 9
32 31
33 31
34 18
35 26
36 24
37 34
38 4
39 21
40 26
41 17
42 32
43 14
44 3
45 10
46 15
47 1
48 35
49 41
50 23
50
2 1
3 1
4 3
5 3
6 1
7 2
8 7
9 3
10 8
11 10
12 1
13 10
14 11
15 3
16 15
17 9
18 7
19 4
20 3
21 9
22 11
23 20
24 9
25 17
26 14
27 1
28 22
29 22
30 6
31 8
32 3
33 30
34 5
35 24
36 1
37 8
38 13
39 33
40 5
41 11
42 32
43 33
44 20
45 20
46 40
47 43
48 44
49 44
50 14
2 1
3 1
4 3
5 3
6 1
7 2
8 7
9 3
10 8
11 10
12 1
13 10
14 11
15 3
16 15
17 9
18 7
19 4
20 3
21 9
22 11
23 20
24 9
25 17
26 14
27 1
28 22
29 11
30 6
31 8
32 3
33 30
34 5
35 24
36 1
37 8
38 13
39 33
40 5
41 11
42 32
43 33
44 20
45 20
46 40
47 43
48 44
49 44
50 14
