20
100
11 5
12 61
14 8
15 1
18 87
19 88
20 7
21 73
23 7
25 35
26 8
28 51
31 99
32 48
34 29
29 4
37 69
38 52
40 39
41 5
43 6
44 99
45 39
46 6
47 7
48 51
49 5
50 2
51 42
42 39
53 9
54 75
55 27
27 8
56 30
30 94
57 39
39 35
35 9
59 13
13 89
60 22
61 16
62 9
63 24
24 9
64 9
65 5
66 6
68 9
70 17
17 5
71 8
72 6
73 74
74 7
75 4
4 22
22 10
76 10
77 69
69 1
1 5
78 7
79 3
80 58
58 5
82 6
83 81
81 2
84 3
85 67
67 5
5 10
86 7
87 3
3 7
88 52
52 9
89 8
90 2
91 2
92 95
93 2
94 7
95 33
33 100
96 9
9 7
97 98
98 7
7 10
99 6
6 2
2 36
36 8
8 10
10 16
16 100
63 23
67 69
29 48
25 79
26 54
88 18
6 1
80 59
62 1
70 95
60 48
28 36
66 39
30 21
2 72
72 92
87 3
14 7
19 94
10 17
96 51
68 39
27 94
57 51
43 1
21 36
89 23
22 17
36 61
61 94
45 32
65 99
38 93
93 48
58 4
4 55
97 94
94 95
95 3
85 15
15 100
50 17
69 52
82 3
11 75
75 1
35 3
73 23
34 51
86 51
77 64
64 23
46 48
37 3
59 78
78 1
99 92
92 16
90 83
76 83
71 32
32 23
49 23
5 1
81 47
84 24
24 23
53 51
13 31
31 79
79 47
20 40
40 23
23 83
54 1
18 47
47 1
100 7
7 3
33 48
41 16
16 17
9 91
56 17
55 3
91 8
8 98
42 3
3 1
44 12
12 1
1 83
39 51
51 17
17 74
74 48
48 83
83 52
52 98
100
3 10
11 87
14 98
17 76
18 82
19 43
20 33
21 7
28 27
30 5
34 26
26 54
35 32
37 2
2 7
39 43
40 57
42 23
43 49
46 9
47 67
48 6
49 33
33 1
50 61
51 78
52 9
53 22
22 4
4 9
55 10
56 38
38 7
59 8
60 8
61 24
24 6
62 6
63 9
64 5
65 8
67 27
68 36
69 98
71 72
72 57
73 85
74 10
75 8
76 5
77 16
78 8
79 1
1 58
58 12
12 66
66 86
80 57
57 41
41 25
25 9
81 70
70 27
27 44
44 5
82 8
84 15
15 29
29 85
85 7
86 9
87 16
88 8
90 32
32 31
31 8
91 89
89 23
92 96
93 98
94 36
95 98
96 5
5 9
97 16
16 6
6 9
98 45
45 23
23 9
9 83
83 13
13 54
99 10
10 54
54 8
8 36
36 7
7 100
47 83
63 54
29 12
64 90
26 81
88 96
6 93
80 1
28 93
4 23
2 60
60 75
75 3
95 17
17 62
87 96
94 97
19 62
61 89
96 3
57 93
93 51
43 8
21 79
89 69
22 71
36 3
7 16
16 92
92 3
45 83
38 14
14 1
58 48
85 48
50 65
69 51
82 51
11 3
35 23
73 48
86 8
8 74
32 12
46 97
59 37
37 13
78 83
99 48
90 23
76 52
71 48
49 79
79 24
24 67
67 34
34 20
5 97
97 10
10 70
70 30
31 77
77 40
40 68
68 23
81 48
53 25
25 72
72 13
13 1
20 3
54 52
18 48
33 30
30 66
66 48
41 100
100 1
9 42
56 12
55 74
91 12
42 23
23 3
44 52
52 51
51 3
12 27
27 62
62 3
3 84
84 15
15 65
39 83
83 65
65 48
48 74
74 1
1 98
100
11 61
13 9
15 10
17 8
18 6
19 5
20 10
22 79
24 44
25 30
26 16
16 6
27 55
29 57
30 71
32 5
33 9
35 83
38 5
5 7
41 81
43 10
45 6
46 23
47 59
48 10
49 31
51 9
54 10
56 10
58 83
59 2
60 12
12 10
63 9
64 42
42 6
66 23
23 71
67 93
68 10
69 2
71 57
73 9
74 61
61 72
72 70
70 89
75 57
57 14
76 8
79 31
31 7
80 3
81 8
8 10
82 6
83 9
84 6
85 44
44 7
87 36
88 7
90 50
50 9
91 28
92 21
21 6
93 4
94 37
37 36
36 62
62 40
40 14
14 10
95 65
96 28
28 1
1 77
77 9
9 65
65 89
89 55
55 2
2 6
97 6
6 78
78 4
4 34
34 7
98 7
7 99
99 3
3 86
86 52
52 39
39 10
10 53
53 100
63 69
15 3
25 83
64 84
26 51
88 2
6 83
16 49
75 68
70 4
60 52
52 51
93 38
72 97
4 46
30 23
8 3
2 48
95 23
14 1
10 31
96 83
27 51
57 62
43 85
21 17
89 66
36 3
65 83
58 83
24 84
85 17
50 67
67 83
11 3
35 61
61 51
34 62
62 46
40 56
86 83
32 83
46 97
59 3
78 69
69 37
37 77
77 100
99 97
97 29
90 48
49 66
66 1
5 47
31 48
48 83
81 51
84 3
53 51
13 68
68 1
54 74
18 1
33 22
22 3
41 28
9 80
80 92
56 51
55 87
87 74
74 82
82 19
19 29
29 83
91 73
42 28
28 23
23 20
20 3
3 73
73 100
100 38
38 17
17 51
44 51
51 71
71 92
92 79
79 1
12 1
1 39
39 47
47 76
76 7
7 94
94 83
83 45
45 98
100
11 8
12 59
14 32
16 53
17 6
18 6
19 5
20 8
21 10
22 6
23 3
26 5
30 64
31 2
32 43
34 55
36 29
29 46
37 8
38 10
40 5
41 3
43 3
44 80
46 9
47 8
48 28
50 10
52 3
3 7
53 88
55 7
56 5
57 27
27 42
42 24
59 7
62 58
58 49
49 100
64 2
2 13
13 9
65 25
25 4
67 9
69 78
71 9
72 68
68 6
73 70
75 74
74 6
76 4
78 9
79 60
60 9
80 8
83 6
84 28
28 54
54 8
8 35
35 10
85 9
86 4
89 4
4 61
61 70
70 5
90 10
91 15
15 6
92 5
5 51
51 7
93 7
94 39
95 24
24 10
10 6
96 45
45 33
33 6
97 81
81 7
98 88
88 6
99 82
82 6
6 9
9 39
39 77
77 87
87 7
7 1
1 66
66 63
63 100
63 48
67 85
29 30
52 45
64 51
26 51
88 23
6 48
80 83
16 51
62 47
60 23
4 35
66 17
30 96
2 38
74 72
72 57
87 48
14 83
19 23
10 47
96 47
68 5
57 3
43 48
21 28
22 83
7 47
47 1
45 18
38 1
58 23
97 93
93 61
61 75
85 1
82 24
24 89
89 98
35 17
17 15
15 3
73 70
70 92
40 3
32 71
46 3
37 86
86 51
59 77
99 78
78 51
90 92
71 3
49 50
50 3
5 48
84 51
53 28
28 65
65 48
48 95
95 83
13 3
20 92
100 92
92 69
69 77
77 23
33 83
41 25
25 51
9 23
23 36
36 1
56 1
55 94
91 75
75 83
83 51
42 27
27 8
8 51
44 31
31 1
12 18
18 51
39 81
81 51
51 3
3 94
94 76
76 54
54 1
1 79
79 34
34 11
11 98
100
5 10
11 37
12 9
13 37
16 19
19 9
20 59
21 23
24 71
25 6
26 6
31 7
32 9
33 80
34 56
35 9
36 18
18 3
37 10
39 6
40 4
41 4
42 9
43 8
45 8
48 29
49 3
3 7
50 92
51 1
53 93
54 1
1 27
27 58
55 8
57 23
58 7
59 10
61 8
62 7
63 52
52 28
28 8
64 10
65 56
56 8
66 9
67 4
68 14
14 8
69 10
72 6
73 8
74 87
75 84
76 9
77 60
60 10
79 15
80 78
83 6
84 70
70 7
85 94
86 2
88 71
71 82
82 4
4 6
89 44
44 81
81 8
90 7
91 9
92 94
93 9
94 78
78 6
95 30
30 22
22 29
29 17
17 8
96 97
97 9
9 8
8 47
98 47
47 10
10 46
46 2
2 6
6 23
23 7
99 7
7 87
87 15
15 38
38 100
23 83
63 87
67 3
15 87
52 88
88 62
6 85
80 62
75 83
70 51
60 51
66 1
30 3
8 5
2 58
95 64
64 26
26 47
74 83
87 51
94 46
19 92
10 3
61 48
96 48
27 72
21 47
47 1
89 9
22 79
36 56
45 79
79 17
65 24
38 48
97 50
24 1
85 46
50 48
69 1
82 7
7 28
28 48
11 83
35 58
58 48
73 3
34 92
40 29
29 48
86 83
32 51
46 48
37 54
59 53
78 3
99 62
62 83
90 25
76 71
49 51
5 77
77 1
84 55
53 17
17 92
13 81
81 92
92 51
20 68
68 31
31 48
18 1
100 3
33 55
41 3
9 71
71 51
56 4
4 16
16 72
72 3
55 48
91 44
42 3
44 48
48 43
12 43
43 83
83 57
57 93
93 51
51 3
3 1
39 1
1 54
54 25
25 14
14 98
100
11 13
12 59
16 8
17 79
18 1
19 93
20 45
22 88
23 55
28 3
29 7
31 9
33 7
36 91
38 4
40 47
42 27
27 58
44 5
45 66
47 95
48 26
49 67
50 21
51 58
52 30
30 64
53 6
54 6
55 26
26 43
43 9
56 6
59 57
60 15
61 5
62 32
32 8
63 8
64 5
65 2
66 6
68 7
69 35
35 41
41 9
70 6
71 5
72 73
74 57
57 86
75 100
78 5
79 67
67 6
80 91
81 10
82 1
1 39
39 73
73 95
83 14
14 93
84 10
85 10
86 4
87 9
88 37
37 8
89 13
13 96
90 8
91 77
77 6
92 98
93 46
46 8
8 21
21 6
94 15
15 2
2 9
9 25
95 58
58 24
24 4
96 25
25 3
3 7
7 5
97 98
98 34
34 76
76 10
10 4
4 5
5 6
99 6
6 100
63 15
67 85
52 48
64 49
26 79
88 56
6 27
16 18
62 38
28 47
72 60
66 3
8 1
74 41
14 92
19 43
61 93
93 24
68 23
27 34
43 91
21 60
60 40
89 80
22 24
36 4
4 35
7 51
45 51
65 1
38 96
96 3
58 48
85 12
50 25
69 42
82 30
30 48
11 48
35 23
73 17
34 51
86 1
32 95
95 10
10 3
77 51
46 23
37 59
78 97
99 20
71 98
49 23
5 40
40 51
31 41
81 83
84 79
79 94
94 59
59 91
53 29
29 56
13 83
20 83
54 92
18 51
100 87
87 48
33 80
80 23
41 51
9 76
76 3
56 97
97 57
57 48
48 15
15 51
55 25
25 17
17 3
3 70
91 24
24 75
75 92
42 70
70 47
47 1
1 23
44 12
12 2
2 90
90 83
83 92
92 23
23 51
39 51
51 98
100
1 8
11 8
19 13
20 9
21 6
22 9
23 71
25 95
26 18
27 77
28 10
29 15
15 10
30 6
33 4
35 2
39 12
12 31
31 5
40 8
41 10
43 9
44 7
45 6
46 3
3 7
49 9
50 24
51 100
53 2
2 7
54 89
55 9
56 10
57 75
58 90
59 16
16 10
61 91
63 9
65 17
66 8
67 18
18 69
68 6
70 36
36 32
71 60
60 96
72 91
73 8
74 88
75 10
76 6
77 6
78 7
79 64
64 10
80 69
69 8
81 10
82 10
83 62
62 5
84 14
85 9
86 42
42 34
87 38
38 10
88 8
8 9
89 14
90 9
91 6
6 37
37 7
92 34
34 48
48 17
17 14
93 9
94 10
95 47
47 9
96 9
9 52
52 13
13 14
14 10
10 32
97 4
4 24
24 7
7 100
98 32
32 100
99 5
5 100
79 48
63 48
88 15
6 3
80 51
16 3
62 46
70 91
60 26
93 76
28 83
72 25
25 83
4 51
8 92
95 17
94 67
67 66
66 23
19 48
10 83
96 3
68 1
27 51
57 47
47 1
89 3
22 75
36 98
45 17
17 1
65 100
38 3
58 83
97 99
24 33
85 52
52 83
69 41
11 3
73 64
34 48
40 26
26 32
86 51
77 74
74 30
46 50
50 42
37 41
59 48
78 18
99 83
90 51
76 51
71 1
49 35
35 83
5 32
32 48
31 83
81 83
84 82
82 23
53 29
13 3
20 61
61 2
54 14
14 83
18 48
48 3
100 29
33 3
41 51
51 87
87 1
9 2
2 21
21 64
64 29
56 3
55 83
91 43
43 3
42 3
3 7
7 15
15 29
29 83
83 30
44 92
92 75
75 1
1 98
12 30
30 98
39 23
23 98
100
14 6
15 10
17 43
19 44
20 8
22 47
24 10
25 77
26 67
27 10
28 31
29 9
32 9
33 8
35 10
38 90
39 7
40 8
45 3
3 7
46 10
48 23
23 21
21 9
50 99
51 11
11 73
52 9
53 4
54 88
55 41
57 30
30 16
58 62
60 6
61 44
44 5
62 10
63 9
64 16
16 37
66 47
47 8
67 7
7 1
1 6
69 5
71 5
72 91
73 59
59 10
74 6
75 5
77 9
78 10
79 8
81 9
82 97
83 5
84 4
4 96
85 70
70 42
42 5
86 10
87 2
88 9
89 9
90 65
65 34
34 2
91 99
92 10
94 5
95 49
49 100
96 10
97 12
12 9
9 18
18 31
31 76
76 56
56 93
93 8
98 10
10 68
68 43
43 80
80 41
41 8
8 5
99 13
13 37
37 2
2 6
6 5
5 36
36 100
29 51
25 83
64 96
88 68
6 48
16 43
75 83
70 76
60 40
93 83
28 66
72 3
30 3
8 48
95 83
14 33
94 1
19 48
27 47
47 1
57 83
21 62
62 80
80 3
22 39
36 63
63 59
7 3
45 92
65 18
38 10
97 4
4 52
24 82
50 51
69 68
68 23
82 83
11 3
35 52
52 87
34 43
43 48
40 1
1 79
79 51
32 23
46 23
37 41
59 85
85 83
78 51
99 23
76 3
71 83
49 48
31 3
81 44
84 23
53 92
92 42
13 77
77 61
61 23
20 83
54 17
18 3
100 3
33 73
73 2
2 17
41 39
9 83
55 23
91 89
89 98
42 83
44 67
67 3
3 26
26 66
66 90
90 58
58 56
56 48
12 83
83 86
86 96
96 5
5 10
10 48
48 23
39 15
15 87
87 17
17 51
51 23
23 74
74 98
100
1 32
12 5
13 6
14 7
15 79
16 91
18 8
19 10
23 6
24 39
26 42
27 8
28 59
30 3
31 7
33 10
34 9
35 87
36 99
38 10
39 60
40 8
41 21
21 10
42 2
45 6
46 3
48 92
49 32
50 2
51 9
52 87
55 54
54 47
47 8
56 6
57 59
58 29
29 20
20 32
60 8
61 17
62 11
11 10
63 3
64 9
65 10
66 76
68 9
69 97
70 6
72 7
73 8
74 7
76 8
8 53
53 43
43 37
77 80
78 7
79 22
22 5
81 2
82 2
84 5
85 3
86 80
80 94
87 10
89 71
71 67
67 2
2 44
44 9
90 5
5 4
91 9
92 99
93 6
94 10
95 6
96 83
83 59
59 9
97 9
98 10
10 9
9 7
99 75
75 7
7 17
17 32
32 37
37 4
4 88
88 25
25 3
3 6
6 100
79 30
67 23
15 51
29 1
25 49
52 41
26 48
88 83
62 51
75 94
60 61
93 48
28 85
4 47
66 1
8 83
2 3
95 54
74 39
14 83
94 50
19 48
10 80
80 83
61 17
27 51
57 47
21 9
89 30
22 17
36 3
7 54
38 65
65 43
43 48
58 51
97 85
24 72
72 6
6 30
50 48
69 64
82 63
63 83
11 47
35 3
73 83
34 90
86 3
32 44
77 51
37 1
59 48
78 1
90 48
48 45
45 96
96 87
76 5
71 1
49 16
16 23
31 17
81 17
53 23
13 47
20 5
5 55
54 83
100 46
46 40
40 17
17 68
68 3
33 23
23 92
41 3
9 39
56 51
55 83
91 51
42 84
84 85
85 3
44 3
12 83
83 3
3 1
39 99
99 1
1 64
64 30
30 87
87 92
92 18
18 70
70 47
47 51
51 98
100
1 10
3 5
11 6
12 7
13 25
14 8
15 27
17 9
18 98
20 7
22 8
23 2
24 73
25 8
27 19
19 6
28 55
30 78
31 10
32 6
36 69
37 10
38 29
29 55
39 7
41 5
43 46
44 6
48 91
51 99
53 60
56 9
57 10
58 52
52 5
60 10
61 9
62 10
63 42
42 5
5 46
46 49
49 79
66 4
68 26
26 78
69 90
71 10
72 6
6 10
73 9
74 47
47 10
75 93
78 76
76 91
79 70
70 4
81 9
82 4
83 91
84 35
35 7
85 55
55 10
86 10
87 9
89 4
91 4
4 90
90 77
77 64
64 9
92 45
45 8
93 94
94 8
95 80
80 65
65 9
96 33
33 16
16 40
40 2
2 88
88 50
50 9
97 10
98 7
7 10
10 9
9 100
99 67
67 21
21 8
8 34
34 54
54 59
59 100
79 76
47 23
63 51
67 1
15 57
29 48
25 93
64 3
26 12
6 1
16 48
62 17
75 48
93 48
28 88
88 51
4 38
66 71
30 83
74 51
87 32
14 83
94 72
72 38
10 1
96 23
68 57
57 51
21 41
36 39
45 50
58 3
97 83
24 7
7 23
50 83
69 3
82 35
11 61
61 23
23 70
70 89
89 49
35 73
73 60
60 71
34 33
86 83
32 51
51 83
46 3
37 43
43 83
78 48
99 90
90 41
76 77
77 92
71 3
49 92
31 41
81 95
95 1
84 38
38 83
53 83
13 3
20 92
54 92
100 33
33 83
41 83
9 3
91 27
27 56
56 55
55 48
48 5
5 92
92 3
42 8
8 52
52 19
19 17
17 18
18 22
22 3
44 83
12 1
1 83
83 3
3 98
39 40
40 80
80 59
59 2
2 65
65 85
85 98
100
11 3
14 24
16 13
13 3
17 10
18 63
19 9
20 72
21 8
22 73
24 9
26 30
28 6
30 4
31 50
35 2
2 9
38 1
39 36
41 96
42 8
43 9
44 68
46 32
32 10
47 10
48 57
50 76
51 64
52 9
53 25
25 27
27 10
54 85
56 29
29 9
58 93
59 45
45 7
60 7
61 10
62 10
64 12
12 9
65 5
66 10
67 10
68 6
69 96
70 7
71 7
72 8
73 63
63 8
74 10
75 34
34 78
76 8
8 33
79 4
80 9
81 5
5 6
82 3
83 4
85 97
86 15
15 10
87 7
7 10
89 40
40 3
90 37
37 57
57 88
91 4
4 33
33 9
92 9
93 9
94 36
36 10
95 6
96 78
78 10
97 6
6 9
98 1
1 49
49 88
88 84
84 55
55 77
77 9
9 23
23 10
99 10
10 3
3 100
63 47
29 75
52 15
15 47
64 83
26 11
88 3
6 37
80 48
16 59
75 8
60 4
28 51
4 92
66 22
95 76
14 3
94 79
10 74
61 42
96 48
68 3
57 86
43 30
30 83
21 83
22 97
36 90
7 35
45 3
65 70
70 93
93 83
58 13
24 72
72 3
85 56
50 27
27 1
69 83
82 83
35 83
73 67
67 3
34 23
40 83
86 83
32 51
77 3
46 1
37 1
59 48
78 11
11 48
99 83
90 2
2 71
76 48
48 8
8 92
49 3
5 23
23 51
31 47
81 92
84 44
13 25
25 83
20 1
54 83
100 19
19 47
33 87
87 97
97 18
41 92
92 3
9 3
56 3
55 62
62 74
74 1
1 51
91 71
71 83
44 51
51 3
12 79
79 89
89 18
18 53
53 38
38 17
17 3
3 42
42 83
39 83
83 47
47 98
100
2 19
3 8
11 1
14 79
15 4
17 93
19 7
21 6
22 18
23 6
26 9
27 86
28 7
32 9
33 75
36 5
37 60
38 49
39 10
40 5
41 20
20 94
42 5
44 1
46 10
48 1
49 10
50 9
51 47
52 10
53 30
30 18
54 93
55 10
57 7
60 6
61 6
62 34
63 5
64 7
65 5
66 9
68 10
69 12
12 10
70 56
56 67
67 7
71 7
72 47
47 78
73 4
74 58
58 5
76 6
6 59
78 8
79 59
80 75
75 10
81 24
24 35
35 16
16 8
83 8
84 8
85 31
87 7
88 8
89 1
1 25
25 34
34 43
43 10
90 4
4 10
91 18
92 9
93 13
13 10
94 10
95 10
96 59
59 8
97 10
98 8
8 18
18 9
9 29
29 82
82 10
10 31
31 7
99 86
86 45
45 5
5 77
77 7
7 100
17 88
47 48
63 79
29 49
25 92
64 56
88 1
80 51
16 26
62 51
60 3
93 20
28 1
30 3
8 99
74 23
87 50
14 89
94 83
19 23
10 6
6 55
61 23
68 79
57 83
21 79
89 83
22 3
36 43
7 83
45 4
4 26
65 56
38 83
97 1
50 51
69 51
82 2
11 23
35 1
73 23
34 3
86 83
32 67
67 83
77 58
58 40
40 1
46 1
37 43
43 71
59 92
78 24
24 23
90 51
51 85
71 48
49 85
5 99
99 83
31 75
75 95
95 52
52 48
84 48
53 48
13 66
54 1
18 48
100 79
79 70
70 2
2 96
96 83
33 92
92 83
41 26
9 3
56 15
15 83
55 83
91 83
42 85
85 48
44 83
12 48
48 26
26 3
3 72
72 81
81 83
83 66
66 1
39 20
20 27
27 23
23 76
76 1
1 98
100
11 6
12 9
13 90
15 9
17 21
18 30
19 95
20 81
22 69
23 99
24 8
25 9
26 73
27 5
28 16
16 6
29 47
30 63
32 96
33 35
34 49
37 8
38 99
39 50
41 73
42 9
43 77
46 45
45 54
47 9
48 40
40 7
49 3
53 78
54 10
56 5
57 6
58 10
59 9
61 7
62 31
31 21
21 1
1 8
65 10
66 75
67 6
69 64
64 9
70 97
71 5
72 2
73 8
74 8
76 5
77 5
78 4
79 63
63 8
80 5
81 8
82 68
68 10
83 84
84 75
75 51
51 52
52 4
4 44
44 6
85 6
86 5
87 10
88 3
89 7
90 2
2 14
14 5
91 55
55 3
3 5
92 60
60 9
93 9
94 8
95 9
96 9
97 5
5 9
9 6
6 7
98 50
50 10
99 10
10 7
7 35
35 8
8 36
36 100
63 51
67 3
15 33
25 3
64 80
26 4
88 39
6 31
16 32
62 39
75 48
70 3
60 91
93 23
28 52
52 51
72 43
4 11
30 42
8 95
2 89
87 48
14 59
94 22
10 59
61 3
96 76
57 27
27 65
43 3
21 19
19 1
89 47
45 71
65 83
58 48
97 51
24 83
85 3
69 1
82 66
66 80
80 79
79 48
73 83
34 83
40 51
32 35
35 3
77 44
46 23
37 17
59 23
78 48
90 23
76 23
71 92
49 11
11 48
5 23
31 48
81 86
86 83
84 53
53 99
13 36
36 7
7 92
92 68
68 51
20 51
54 23
18 83
100 47
33 1
41 17
17 29
29 23
9 38
38 47
47 23
56 50
50 3
55 3
91 22
22 3
42 3
44 23
23 3
3 51
51 1
12 48
39 99
99 83
83 1
1 95
95 48
48 74
74 98
100
1 21
11 5
12 2
13 4
16 64
17 4
18 8
20 81
22 5
24 62
26 59
28 6
29 10
30 10
31 38
32 2
33 8
34 84
35 6
37 4
38 9
39 9
40 8
41 9
42 5
44 5
46 7
47 14
48 56
50 59
51 45
45 8
52 7
54 8
56 10
59 15
61 10
63 3
65 3
68 27
27 9
69 53
53 71
73 7
74 9
75 23
23 21
21 64
64 66
66 58
58 10
76 67
77 70
70 96
78 2
79 8
80 8
81 36
36 25
25 3
3 91
82 57
57 55
55 5
83 10
84 5
85 4
86 7
87 14
14 8
88 5
89 7
90 67
67 7
91 10
92 6
6 5
5 62
93 8
94 10
95 15
15 49
49 62
62 43
43 9
97 96
96 4
4 10
98 8
99 8
8 19
19 9
9 10
10 71
71 72
72 60
60 7
7 2
2 100
79 80
63 83
67 17
15 92
52 35
64 92
26 48
6 31
16 23
75 82
60 85
28 51
72 47
4 83
66 14
30 17
8 48
2 53
95 51
87 23
14 3
94 3
19 48
10 29
61 23
68 23
57 1
43 48
21 58
22 85
36 27
27 48
7 1
65 48
58 83
85 25
69 23
11 47
73 47
47 93
93 3
86 45
45 46
32 1
59 3
78 62
62 80
80 35
35 34
34 24
24 83
99 40
90 77
77 42
76 17
71 48
49 48
5 74
74 70
70 83
31 41
81 97
97 38
38 23
84 83
53 92
13 92
20 1
54 3
18 48
100 23
33 1
41 40
40 1
9 83
56 51
51 23
23 82
55 29
29 83
91 25
25 89
89 82
82 42
42 3
44 96
96 92
92 83
12 48
39 48
48 88
88 3
3 83
83 46
46 37
37 50
50 1
1 17
17 98
100
1 79
11 6
12 33
13 38
14 92
15 10
16 31
17 47
18 30
20 23
21 98
22 72
23 10
24 70
25 3
28 9
29 49
30 2
31 82
32 86
33 68
35 27
27 79
36 9
38 88
39 9
40 26
26 8
41 93
44 3
45 19
19 6
46 77
47 8
48 6
49 34
34 9
50 7
51 7
53 58
54 6
55 4
56 66
57 81
58 2
60 8
61 4
62 7
64 80
65 98
66 9
67 59
59 7
68 93
69 37
37 3
3 5
70 76
71 7
72 10
73 7
74 4
76 7
77 10
79 43
43 10
80 78
78 9
81 2
2 8
82 4
83 7
84 6
85 6
6 93
86 4
87 10
89 7
92 5
93 8
8 91
91 90
90 95
95 88
88 9
96 7
7 98
97 4
98 10
10 94
94 5
99 63
63 9
9 42
42 5
5 75
75 52
52 4
4 100
79 49
63 51
67 8
15 14
29 3
25 83
52 49
64 43
26 4
6 62
80 12
16 37
62 83
75 77
70 47
28 34
72 48
4 17
30 81
8 20
95 86
74 93
93 66
66 3
14 18
94 3
19 60
60 48
10 56
68 47
27 88
88 51
57 76
43 48
21 51
22 2
2 3
36 1
45 1
65 24
38 83
58 92
97 9
24 31
50 17
69 48
82 92
35 1
73 5
34 12
40 3
86 85
85 1
32 56
77 87
87 47
47 23
46 90
37 1
59 83
78 1
90 92
76 1
49 83
5 96
96 83
31 71
71 3
81 17
17 89
89 92
84 1
53 51
13 51
20 56
54 92
100 51
51 1
9 23
56 48
48 41
41 33
33 91
91 18
18 3
42 1
1 12
44 92
12 83
83 55
55 23
39 11
11 3
3 61
61 23
23 99
99 7
7 92
92 98
100
12 1
1 47
15 40
16 17
18 29
19 10
20 78
21 11
22 7
23 80
24 57
25 4
27 41
28 10
29 5
30 5
31 39
32 5
34 9
36 5
37 7
38 46
39 7
40 8
45 2
2 68
46 65
47 43
49 10
50 4
52 6
53 51
51 56
54 7
56 5
59 6
60 7
61 10
62 88
63 90
64 90
65 3
66 6
67 8
68 10
69 14
14 11
11 7
70 35
35 10
72 17
17 44
44 13
13 48
75 6
77 42
42 98
78 74
74 10
79 48
48 9
80 58
58 76
81 95
82 10
83 10
85 26
26 5
5 6
86 10
10 57
57 73
87 6
89 33
90 7
91 8
93 92
92 9
94 71
71 6
95 9
96 7
7 6
97 88
88 6
6 3
3 8
98 43
43 9
99 4
4 55
55 73
73 41
41 9
9 33
33 84
84 76
76 8
8 100
67 79
79 43
25 19
52 64
26 72
88 83
6 71
80 63
16 1
62 5
75 97
70 92
93 10
28 83
72 23
4 23
66 94
30 23
2 3
74 23
87 1
14 57
94 1
19 48
27 17
17 86
57 73
43 96
89 83
22 92
7 51
45 36
36 58
65 1
58 23
85 51
50 1
69 83
82 18
11 33
35 33
73 47
34 51
40 48
86 83
32 29
29 63
63 1
77 95
95 83
37 64
64 68
68 15
15 21
99 51
76 61
61 12
71 78
78 83
49 21
21 3
5 24
24 90
31 91
81 83
84 83
13 60
60 23
23 51
20 83
83 97
97 59
54 51
100 8
33 1
41 48
56 9
9 3
55 46
46 51
91 3
42 1
1 51
44 18
18 51
51 47
47 48
12 96
96 3
39 92
92 38
38 59
59 10
10 3
3 8
8 53
53 90
90 48
48 98
100
1 65
11 34
12 7
13 9
14 10
17 75
18 69
19 9
21 10
22 6
23 6
24 8
25 68
26 66
27 9
28 32
30 6
34 6
35 95
37 97
38 8
39 2
41 47
42 10
44 32
32 9
46 9
47 20
20 96
48 7
49 16
16 8
51 10
55 76
57 91
58 9
59 98
60 5
61 10
62 83
63 73
64 9
65 10
66 78
67 74
68 95
69 4
70 40
40 6
71 7
72 43
43 4
73 7
74 36
36 52
52 9
75 5
76 4
4 33
33 10
77 5
5 7
79 6
80 9
81 3
83 78
78 7
84 7
85 6
86 56
56 97
87 54
54 82
82 6
6 8
88 9
89 53
53 8
90 3
3 7
91 8
92 8
8 15
15 2
2 9
93 9
9 10
94 7
95 50
50 45
45 7
96 7
97 7
7 31
31 29
29 10
98 10
99 10
10 100
79 73
63 2
67 1
15 3
29 83
64 99
26 32
88 3
80 83
16 51
62 48
75 48
70 1
60 34
93 3
28 30
4 51
2 51
95 91
87 44
14 48
94 17
10 43
61 83
68 3
57 3
43 3
21 6
6 42
89 90
36 52
52 48
38 83
97 86
24 41
85 3
50 1
69 23
82 83
11 84
35 59
73 3
34 83
40 71
86 78
32 91
77 92
46 19
19 51
37 1
59 96
96 92
78 1
99 74
74 7
7 3
90 23
76 92
92 8
8 83
49 23
23 1
5 51
31 30
30 47
84 71
71 1
53 1
13 51
20 58
58 1
54 65
65 81
81 51
18 48
100 3
33 45
45 51
51 47
47 1
41 48
9 48
48 25
25 17
17 3
56 3
3 83
55 1
91 22
22 27
27 12
42 44
44 1
1 66
66 72
72 83
12 83
39 83
83 98
100
1 9
11 9
13 9
18 10
19 84
20 94
21 59
25 6
28 63
29 7
30 9
31 50
32 27
27 10
33 77
36 10
37 87
38 54
39 98
40 59
43 24
24 7
44 8
45 82
46 10
47 14
14 6
50 5
51 71
53 3
54 12
12 10
55 6
56 10
57 91
58 8
59 5
60 48
48 9
61 7
65 4
66 8
67 83
68 49
70 96
71 99
72 10
73 8
74 82
75 4
76 7
77 90
78 23
23 2
79 69
69 6
80 6
81 9
82 8
84 15
15 6
85 22
22 2
2 6
87 4
88 8
89 64
64 9
90 6
91 10
10 9
92 83
94 99
95 62
62 9
96 9
97 41
41 93
93 6
98 6
6 63
63 35
35 86
86 16
16 17
17 5
5 8
8 42
42 4
4 26
26 83
83 7
7 52
52 9
99 3
3 9
9 34
34 49
49 100
79 3
63 3
15 3
26 83
88 53
6 55
80 85
70 51
28 11
72 1
4 3
66 22
30 93
93 83
8 76
74 83
87 54
14 65
94 12
19 85
96 75
75 1
68 48
27 81
57 83
43 29
29 51
22 23
36 46
45 47
65 67
67 83
38 51
58 83
97 41
24 48
85 23
50 21
21 3
69 1
73 92
34 48
40 84
86 89
77 42
46 39
37 83
59 48
78 81
99 92
90 1
76 33
71 62
62 17
49 32
32 51
5 51
31 3
81 48
53 25
25 51
13 16
16 17
17 51
54 92
18 48
100 35
35 3
33 51
41 83
83 3
9 84
55 39
91 82
82 3
42 3
44 10
10 56
56 51
12 51
51 11
11 95
95 20
20 52
52 64
64 23
23 48
48 61
61 92
92 60
60 84
84 1
1 7
7 3
39 47
47 3
3 2
2 89
89 98
100
1 9
11 9
12 9
13 91
14 4
15 98
17 27
18 5
22 7
23 5
24 79
25 72
26 43
27 50
28 85
29 5
30 96
31 79
32 10
34 71
35 2
37 9
38 10
39 7
40 10
42 68
43 8
45 10
46 33
33 16
16 7
47 20
20 10
48 41
41 19
19 9
49 6
50 8
51 9
52 3
53 4
55 10
56 60
57 10
58 9
59 62
60 89
61 84
63 6
64 8
65 10
72 5
73 5
74 95
75 71
71 66
66 5
76 4
77 4
79 21
21 8
80 4
81 9
82 67
83 68
68 7
84 97
86 6
6 44
44 9
87 70
70 100
90 89
89 67
67 4
91 2
2 9
9 8
94 8
95 88
88 93
93 85
85 5
5 8
97 7
98 62
62 3
3 96
96 78
99 36
36 54
54 4
4 8
8 69
69 10
10 7
7 92
92 78
78 100
79 3
63 3
67 3
15 41
29 92
25 12
64 93
26 23
16 1
62 23
75 49
70 37
60 96
93 22
28 13
72 23
4 42
66 49
30 51
2 46
95 17
87 3
14 98
94 1
19 83
61 86
96 48
27 83
57 8
8 52
52 1
43 6
6 83
21 10
10 88
88 3
89 51
22 48
36 3
7 47
45 92
38 83
58 23
97 83
24 3
85 82
69 100
11 53
35 83
73 48
37 83
59 23
78 50
50 91
99 46
46 34
34 23
90 92
76 92
49 80
80 48
5 92
31 3
81 51
51 77
77 1
84 44
53 40
20 68
68 3
54 86
86 83
33 100
100 40
40 92
41 17
17 3
3 48
55 48
91 18
18 56
56 13
13 23
23 48
44 1
12 82
82 47
47 42
42 71
39 74
74 65
65 92
92 48
48 32
32 83
83 1
1 9
9 71
71 98
100
11 4
12 87
13 10
14 19
15 10
19 95
20 84
22 1
26 7
27 9
31 8
32 67
34 56
35 33
33 4
36 86
38 59
39 40
41 23
23 4
42 65
43 25
44 10
46 9
48 8
49 85
50 10
51 2
53 5
54 10
55 17
56 1
57 9
58 10
59 2
60 45
61 10
65 5
66 47
67 6
68 37
37 62
62 24
24 29
29 1
1 6
69 16
16 95
70 21
21 4
4 9
71 7
74 77
75 18
18 93
76 73
73 25
77 3
3 10
78 47
47 5
79 72
72 2
2 64
64 7
80 10
81 9
82 89
83 93
84 6
85 10
86 17
17 40
40 10
87 5
88 7
89 8
90 25
25 6
91 7
92 9
93 98
94 9
96 8
97 95
95 52
52 7
98 7
7 45
45 5
5 63
63 8
8 30
30 6
99 9
9 10
10 6
6 28
28 100
63 92
67 54
15 83
29 88
25 83
88 91
6 53
16 79
60 1
93 3
66 48
30 40
2 1
95 8
8 92
74 20
14 85
94 19
10 62
62 92
61 73
96 70
68 83
57 23
21 48
89 13
22 83
36 17
45 3
65 1
38 64
97 79
24 3
85 83
50 17
69 27
73 83
34 23
40 43
86 51
32 87
87 82
82 75
75 72
72 79
79 51
77 52
52 91
46 80
80 92
92 3
78 83
99 76
90 26
26 56
76 59
59 70
71 47
47 83
49 43
43 23
5 37
37 17
17 35
35 28
28 58
58 3
31 100
81 56
84 51
53 83
13 64
64 19
19 83
20 23
54 1
18 48
100 70
70 51
33 3
41 3
9 12
56 1
55 48
42 91
91 7
7 1
44 83
12 27
27 23
23 11
11 48
48 4
4 51
39 3
3 83
83 51
51 1
1 98
