10
50
12 18 57 3 82 2 70 40 66 73 10 38 100 90 18 99 77 28 37 80 14 97 39 30 49 5 71 98 55 25 97 66 95 54 21 76 55 42 15 72 15 77 9 14 18 78 13 95 57 1 
50
26 71 49 65 52 49 69 23 46 75 99 43 41 93 96 13 20 2 54 87 74 68 63 34 82 32 12 46 78 68 98 4 90 46 20 42 46 40 16 44 15 66 86 55 59 33 67 30 86 72 
50
16 59 40 30 93 73 62 56 70 91 23 67 94 65 64 65 6 61 5 21 4 19 86 89 73 96 73 91 26 59 14 93 69 53 23 13 77 36 68 46 78 43 64 24 7 79 88 12 40 92 
50
84 43 10 21 84 34 17 8 24 94 66 38 38 87 42 12 99 71 99 67 16 77 9 32 100 67 10 87 78 1 79 13 44 88 33 79 22 1 86 97 46 4 86 84 90 80 95 88 50 94 
50
6 17 22 66 100 21 32 10 59 61 10 37 73 5 77 6 83 50 58 21 98 4 24 36 87 13 15 33 52 16 78 10 84 99 75 84 71 59 45 30 19 54 18 92 11 46 49 93 47 6 
50
65 45 9 88 32 47 52 46 32 4 13 9 13 96 60 39 31 82 97 75 63 16 29 33 59 91 78 59 35 25 64 100 21 25 87 52 23 39 49 54 94 61 15 58 8 26 96 39 7 45 
50
13 22 12 93 54 22 35 83 80 70 7 95 69 79 19 7 82 94 97 30 99 90 42 65 99 2 90 47 40 49 91 4 70 54 49 75 75 83 57 54 4 16 48 72 94 19 31 76 64 27 
50
57 62 69 99 27 67 100 68 65 91 16 7 46 37 60 94 11 86 29 20 39 32 35 39 56 80 57 86 55 20 12 12 33 32 62 59 51 13 27 15 3 94 74 100 31 33 94 93 19 74 
50
12 9 5 98 99 60 78 55 97 32 26 61 95 11 92 8 21 42 20 47 9 74 93 82 74 75 66 19 67 36 92 31 97 48 28 95 8 5 2 56 89 79 16 35 89 8 95 10 1 66 
50
8 61 40 100 42 65 26 60 83 93 95 26 75 91 73 54 38 32 11 39 88 99 17 55 85 6 62 79 67 15 45 74 75 36 26 69 100 51 28 34 95 74 59 21 17 83 75 54 67 85 
