10
100
3661535 16966168 36314968 53004411 54657653 85663761 85762803 97256926 101560520 107494685 123848011 130516075 133685363 144756816 166091313 195406208 195992102 198817445 205195477 206784277 220949471 225088244 231067988 248034155 250973380 273585997 326648763 337178852 346384617 361584062 361762614 364979287 365149383 365308634 378986020 407706816 416961991 432640211 439111572 451683876 452798174 462134568 470270061 475319514 476011822 490292937 496568525 503270164 518203831 518409133 521135966 523912521 525466207 533044805 539060687 543698449 557979564 567334087 568433999 600880574 629372512 630253887 634517780 637265430 667077139 677054338 688580447 719904623 726331442 728008891 728866946 730635036 747487825 760560630 768203142 768738663 774514275 776563194 782111374 787699393 798895828 799077541 799749128 818821110 819407378 835578694 872272615 899628047 899880951 902898540 909217345 910835540 926902063 929173263 932313374 955108324 980074718 989447100 990663607 995382325 
100
2100355 4225559 7117805 13872905 18098464 50865083 53097105 68657049 74323572 80784186 91212425 96328915 100971117 125177335 135752814 142731608 149505509 154219193 157928862 162607707 167979775 169789734 190808153 192967468 233255358 248616334 250232946 250837759 253234010 259881382 276069400 307705270 323910498 326244855 341008982 349902044 350392971 350441877 354217802 361918577 364877207 376015093 382516079 393656082 399738454 408201711 411389739 437831163 440823070 447690286 451120408 464066923 473714269 499407552 504530625 508988756 519317552 524526283 530234286 548377333 554730081 557817546 567774791 572526832 573583976 591982361 651126630 655043791 672582476 675855500 681925259 682376923 686037854 687642285 720289489 723439674 733652745 740770549 742316565 747194777 751662357 753809647 754694902 764272781 778705837 789229178 789452071 794143787 815423039 831802942 868822968 924484636 933832638 944200675 946596186 949033783 967555755 972216569 992712695 999509073 
100
37306 9031918 9643841 10283222 21990969 23267572 31561440 33185019 46609827 50816831 54669101 58967893 60942524 63435406 69475122 77755329 80298935 83147661 101278927 105622020 114709100 117922970 123741017 124954127 150465768 192170567 208917100 209322204 254323513 255526926 255908131 264768726 270766081 287083457 300737208 302631581 310093537 316469449 318464510 321582911 339497269 342598837 390852930 410844567 415781373 418516969 421513786 452099514 469252980 485477427 493536701 505562029 507446524 508370738 514430826 525356833 525791653 530920917 557849537 562790934 566414417 579656760 579830368 586058505 588688678 594336556 595702345 601171011 602186282 629303046 630860721 656080543 660306102 671439254 675822600 678267975 679348114 708616049 709546015 723091483 731536983 734245883 762768470 773139463 790125559 792566605 809262984 822322547 824170024 831253952 860667432 876413507 879432448 883700813 895945255 922940342 922977647 927347384 973004914 996735943 
100
204981 3217232 11315538 13654766 23718851 39175728 43288925 48400236 53280624 54581207 67813347 68252204 87375999 88763314 105164025 134968036 137046115 142235998 148383211 151113983 152961096 190589396 194249091 225730723 234040783 245065922 265186124 265391104 271062206 292644634 292758205 292849615 293544069 298085518 301579750 311185228 317981465 321416781 337261245 347430821 367845681 392405229 402049070 406190991 406430936 407090553 416409432 419165184 422176188 440204548 448003969 460982246 482276883 491109716 494785754 519555192 558240718 560051648 560065659 568060811 576272290 583455758 626446011 648186658 651403890 659968021 681390575 702287645 712429694 713625315 731279198 739691457 754314749 782015541 787543958 794333336 798068674 820075512 823877170 829918702 842216574 850267766 851897022 855796161 881011432 882629093 894253754 905671538 908092791 909420221 912232126 919710368 935269100 947268518 947862791 950412415 958034915 962928028 974257825 995119613 
100
4690183 7589757 12029267 20294237 29930274 45909192 46225460 56263195 65770789 74343256 82681346 86052834 94490768 99405265 99943382 101596042 104664398 108944591 109059713 124903366 125787093 130089737 137716107 138349578 170812557 173811282 202518410 219720474 221201188 239846025 243049382 263503199 279557529 285685340 326772377 357408147 358551703 359310571 360385759 360625378 399009202 400029193 420822045 424519643 426186918 441628021 460568760 472598026 511151953 513514745 514697316 522173204 553776104 572558380 579977599 600404463 602465191 603743357 615357341 616896808 628705327 642058584 645698773 646138481 648279186 667287646 674167339 681573640 692014705 694461575 707129588 725861855 732916358 738633302 740428039 749537375 749597595 766421433 780408161 780598387 824072972 831908597 843926058 845341687 882440983 886488459 886824025 890018884 894475750 902591762 913835312 919059226 927154034 946282079 950738945 952259247 954286277 980146915 981388437 982109900 
100
5438808 12530720 20350703 36503547 45942947 50376852 56809561 57950265 62152745 64073830 66842927 84120419 85375749 87156214 89824996 95349679 98248919 114483856 120172791 126386806 126722731 129417445 132695661 155396175 157841919 183072513 183382816 185001107 229845281 241333080 244970935 248488190 252878385 279080011 292794848 304558181 305787626 310188759 314309200 323651889 327685925 331125463 333623777 338599111 342645107 346511637 373298430 378310936 384777520 411095744 427550772 431691126 436911490 460330474 471289510 480404412 518224859 531525461 533176441 563497913 565072479 569414231 581588089 586169322 607761923 638246330 640941024 643157291 670954933 677705597 681271322 696193574 714007533 729706337 731782438 735104376 758346318 778332793 792763029 800959295 810688766 814385166 839510757 849350322 854548462 883668783 883857044 887548255 890546773 898577157 901469178 904823890 906907986 941327436 946520455 952555529 956527421 968626948 979404649 989668928 
100
3729766 8823009 10044852 10491019 32872499 38285410 40233312 41551743 44240711 48616483 63623557 73116851 79365137 84743444 96188981 96936065 100907326 104172687 109301231 121274916 125441623 130991666 151381494 151504349 153033691 163015226 184253992 185297043 187679709 187798539 193041001 202799017 213615448 221531449 222182241 242319012 247979350 248384660 251419479 256333957 256417818 262231930 262334922 265501198 305942569 316893405 330784615 355229687 357351385 358266371 362607995 372341461 375073085 375517606 376239306 393326587 396258541 429277487 437655538 448573710 455950413 464345988 469253597 488950206 498983569 546738686 552942840 559771597 560493298 564088960 566290740 570262233 578103905 579559508 584790235 589159886 606246227 633453854 669533678 677256836 746122302 783556434 791148553 808156257 821697373 834077099 835977325 847069302 850291432 870031528 874230522 879499354 901541379 909137527 934572801 942997226 959497268 972781246 983193287 992016295 
100
19380128 21575379 25572933 28006274 39148958 43167913 45322865 50101519 53189892 63834371 65883401 74212609 78762824 86160809 86272192 88079455 94839829 102084441 107311660 109515779 110370763 115984920 126691787 128828814 136044576 142192864 149995180 158408541 163560654 167077309 167387858 171908304 183256085 183347376 183882577 185360776 200120879 201910920 205154051 209472443 211050409 215379885 217812734 241099693 265477681 273790015 300503887 311942959 355063689 356213701 362185205 365933596 368066030 399508233 405611273 415500764 421833132 427270483 441177872 448733765 451968895 456436878 466419440 469496864 472412190 479975168 489713372 501483091 514359839 519774354 545858568 553178753 564019813 580397507 596188650 612547657 614614182 624632148 630125111 632636642 653379440 687310812 735127898 762895218 776136497 820418883 821288706 823800237 846324823 864740744 864979658 882097260 886218259 906426656 919083501 957391333 963528045 984838362 988890062 995519490 
100
1007788 11957218 17925806 21128878 23531996 43030170 56933211 66528086 95110800 95462068 95897242 103732269 114898226 123647832 138862180 140090469 147231188 156787985 159264230 160272018 161306879 172730630 175783636 182290549 182954165 201215033 269472323 296377655 297011492 312917956 319563321 321058730 324267524 336741464 336993924 343647651 346443145 353644153 369225112 375834461 383828592 387150918 391163520 400580861 402234849 430181087 468862271 470339437 472795127 502910696 508090523 513273145 523139281 535766931 543938902 565775774 566028234 566997561 584949710 596442958 600464631 620983804 623930771 634923059 635248714 641592900 642481086 662174926 663609963 664131697 674818999 686848226 689704629 715823632 718721095 723436649 729309566 742253090 759072030 781580863 804222165 806664283 812123755 815305415 819516935 822446943 836057237 852281584 863958647 866830406 877027983 880149336 886108535 902517237 956320549 965536467 967426948 974119988 987184558 991196463 
100
3148531 3938996 6519548 36263271 36824646 41744303 50647876 51655663 52323553 52481772 64444032 65234057 92010775 102324434 104556724 108354132 123351633 172440694 181213501 196572710 200263464 200364907 224395479 235336894 235555428 251898785 252145946 261382700 266761978 266846579 272787699 277752616 286952846 288799951 288858126 298809237 309414667 319328350 325826732 342564814 357210686 371503113 372704157 373152464 376300994 409692457 448723533 454046459 474210880 478097510 483738918 487197766 507999122 511378411 511951380 526665843 540372173 562964817 564705462 589687633 592937112 607014138 615352512 668411266 669114952 670320029 671075156 680917779 684060426 704663232 709338572 739407326 745918962 751364544 756526616 763010830 767168648 769957674 780850733 789598358 795837686 818038446 849418239 851082609 861774054 877103926 877393861 893605505 894888794 904191818 908828197 943093384 944663380 950822403 952579576 953047717 968195376 978517250 990048890 995974642 
