10
100
9208114 9947424 15958350 36663720 39168483 63809105 66274937 929941523 79714935 79751731 107669649 112853442 113199334 605075810 130068256 134133392 446357886 478338608 142340672 147574095 159756065 160960443 164699966 176699751 212168120 212395749 217187430 939954915 247016735 247319216 966292470 253851149 289275898 292010718 301665192 836964898 320325222 322052280 323560212 336965084 341611795 341702241 803790231 401656881 413727502 415280804 609625768 436413654 136952570 471524047 138281300 480726396 483012722 492632094 503573567 514433926 520650023 522042667 546402646 548718241 559752902 562850228 574514556 578205903 594666621 127833688 608476616 417412231 622329739 622584539 651800642 657332060 662398539 676090375 683710370 705738219 713934445 721568152 737549659 742334413 876145810 786221894 786910304 791849268 803709823 377806091 819258202 824267972 315303505 869074957 743607251 69767511 934377524 234432077 957441605 252842235 968490197 988765725 991792721 993750628 
100
14699568 455121242 27426806 36313768 37792999 46084226 56069914 338638197 91825403 750236700 99090470 560735935 119829489 121988532 124146129 568589033 134415796 134793378 163529561 178974868 185637287 212356643 226860443 236818470 794303144 249028474 256685320 268642434 268820599 287805594 302769546 311413046 321993512 323303882 323867790 974750533 339695529 342504428 755756715 367414901 377488527 388474160 390789840 403058229 894058014 417012327 435724940 436640456 449231104 14963890 468189094 471103729 474175121 479033352 523397627 526010385 540877510 557280417 110729581 564599414 125869449 577109773 628968461 621570029 621791267 605552156 632978961 661587746 664171828 670157016 670184446 677920060 681861578 681920232 689014551 691731261 701035563 706430829 726435628 745941637 93862912 359868067 768264321 784001316 241295533 796320925 802901142 835904838 850604405 857519038 858179470 865902055 874372754 890433700 893918745 409551585 918794693 962553812 57775556 997989341 
100
9151430 19198740 19791248 763148410 28953945 61581130 70613219 77402517 81955300 95667115 111697173 927068723 122147515 433394851 140694350 144262906 147785843 155165193 156937272 158444276 171097949 345256816 615363878 206210811 220605360 221473520 225032949 243746990 259705597 468779938 274950576 284580834 580841705 339414105 344023236 345046044 190091624 350473716 354093284 357067237 362766918 381320771 395253466 419462157 427684330 428829519 431806558 133550954 436065439 443971180 448620766 449797220 455856686 463169919 466650501 962064600 471086097 778158045 478931104 494357868 497733882 501838504 502449458 523008120 561494392 580743829 287556538 606169066 606316421 198469906 647570387 647846784 655195226 672917029 674393965 679905613 701567281 730793759 755970774 758888452 39279539 772852754 476729466 800782927 803915470 808194042 826051906 826583992 835998340 851279756 858600379 865324662 870131644 904477452 924700343 118833397 269083124 978567969 987719398 990080235 
100
16665351 44268464 60182812 61053349 110292620 445977126 71494600 74091299 87772621 870396423 98509049 100770519 106786816 64057476 110370327 114415408 124262978 133984627 151528730 157710180 158378023 159401077 160966000 161969735 179445897 219077590 195994506 203580233 218165046 186281669 234088776 610960400 248400035 910309392 944817082 288739140 362626668 376179314 383179415 386204448 396811467 410935199 69780024 430472911 430317297 455432730 496333374 519738767 522334964 531039005 570688226 577643596 579759547 580791713 582001640 596160534 242020664 621103139 621477758 630512498 641011669 643010436 737049673 652383439 696417048 681708501 686957820 663067704 721253133 723657733 649247613 746493876 755799799 765521596 769488161 776698893 779491094 783762802 810213612 823425284 834743662 841370306 844197285 860477244 863498421 98195212 871461028 880145761 881290798 886016633 905088367 272886796 920746585 925270234 941472981 942392497 287945069 954243582 967857935 972985552 
100
741300504 14284512 778883360 402632617 209078475 43958243 93686924 61896215 62637208 69460701 70373685 87930080 93594356 686475454 121436900 127028803 132956687 133362457 165120233 178185793 197629675 198105580 202823157 203416533 204507451 40586481 210023008 230372870 269496308 273026692 290577342 314127642 317280467 331884072 336373219 385063985 391882238 396056273 23884083 578622036 432569002 409972329 441049748 452859803 471542156 480655565 488501886 490980579 497306405 497902409 516941080 531277496 656870700 540949026 559798623 563726812 570691277 404339863 583550346 602506118 605455774 623838247 630263091 651863383 533467041 792890850 665137736 668720441 669171830 675210616 680387153 683456341 53921103 701772206 716343545 722517165 6456182 746093548 756027764 763499256 763553706 770140270 776406458 21377069 781190290 781299823 785314700 659010084 862257998 868329306 914148460 929523313 933910113 962147162 964138486 965991024 966636309 986934440 990268764 997837334 
100
9489176 14728173 28026028 988983418 33149597 33529211 36488365 40698352 48257383 70188835 77363663 79991270 82339996 900380937 88965554 376979533 91693755 93376294 107099627 469245900 129525701 579171177 598389908 168221142 198792624 201370739 206412593 216750571 224431827 227454206 263942571 273904972 275836955 280114277 281496837 285046342 302405441 313641664 314035996 314332304 328887505 334109026 649200045 340980608 351716972 374050907 963405276 378422635 388855104 405335418 773655887 431178458 448443077 468446837 108550949 535479764 539944249 539985778 564052030 578274874 140450654 583951940 586061897 586912200 166946241 609392756 616292049 618734094 619391538 654620331 334222242 642529168 656908002 664207014 668399196 691766201 702715267 704520580 706476111 723077345 751652761 767625462 417399593 787612680 802225720 831262672 834993606 843113747 848578050 853688747 862552793 864976342 896406325 83981173 910262911 927147093 960533649 89141679 972440814 32672198 
100
23406465 456012668 36506803 36720603 416783747 255812779 71484026 75842620 77480857 85841545 91565435 92345995 97877632 101506713 520488778 117313465 425750811 150832472 164184392 177803003 178331922 180034974 187195144 200795408 206846416 209837613 209965845 225450576 227224129 351730121 259339854 691562655 796182337 268531616 287608845 291820582 296934601 842471294 310019887 318557526 319963783 67388756 370171124 53881526 121735618 436940037 28924846 467548594 476969575 481382544 488524184 489936072 500218262 502458963 514272215 107193286 529286032 548209859 559211709 568828969 575426991 580425890 588260247 588791523 609033513 654918220 658449081 680627912 260601015 880902560 710055874 730929748 739611382 757055799 768951838 783961359 264676000 805750691 809281552 836357858 299197602 844812304 850071379 866241239 868173641 869802903 877360490 695984808 901743050 907159183 908038542 910768243 912553575 931115089 933629994 939303137 956745179 959937920 965771055 999461363 
100
95691761 21394732 22348265 274534133 310583604 39583667 581934018 59935500 997048737 73719399 92107614 42257357 1598514 96985555 99936819 109639784 117114218 118560347 122460242 832802488 136189335 137202415 151578881 177460051 189090272 199808315 252455772 264252899 264321189 273219836 27263146 288031448 586125358 304247660 37104234 743387254 323741198 324459410 337675989 356011134 368874405 369787791 375263964 375533086 384741225 410206324 414075512 425762058 446314957 464688741 464819801 469710203 487839762 495194059 515317895 546070964 547408738 550190323 727386882 579113625 93022448 585637829 296990254 590859764 593268710 618381833 627580367 632587898 659371971 673382953 692355802 702752046 576196970 737908576 322568012 744592965 749279972 760107529 766405400 781791091 785108158 803509633 808662757 811729926 825515750 123192631 840083764 843934682 847607385 851205193 854937927 889691073 899290454 910584767 914945368 935155533 957202725 966167731 970881362 60138221 
100
3109160 4488282 5529684 14566787 15520749 21562125 40738254 45940295 51841957 62471051 64040824 71663338 719579666 88121758 130994928 136451181 142825860 143628472 156949991 184524736 190257041 398420490 208791947 262144480 267446108 271934389 281962366 295109239 308998580 313386403 313435911 326557555 339515697 348119680 348738143 904325351 606882916 357809666 837184917 377863572 207805376 398741143 417783105 422159723 463993532 493545564 498033845 515811685 518702114 686412621 538995183 914552827 546366733 551527218 568748903 575903013 953258488 602509124 353883959 610264159 625508463 627014176 647463829 654939076 678072733 680689379 683098932 684544556 524617830 693990136 716470507 75847300 732853004 872297894 758468719 769968233 789417794 808728088 813122860 816203594 826498521 360048876 847274487 855659371 865214114 749082037 585320791 350590608 907434510 909895038 545155871 917487045 923019442 935639980 941644950 943715667 901416532 955002595 964917943 968526456 
100
14408957 14548862 18246636 26617487 43671399 520248972 53396111 54141786 61950956 68502833 72074248 72093313 76078853 754909830 110273887 116356724 622860109 121591951 124862675 126758865 127739854 134110795 353731224 134964389 139945388 140816023 167874782 181085981 188624242 198153655 208411761 280655417 215079386 219827201 220925359 224661729 232522156 244405524 277652372 278045781 278899631 426382607 335691360 344413154 511903559 349064214 134111211 353860146 375127762 387077204 407913375 410848874 413864019 425977271 214825198 429269547 467075000 500505177 503051847 510746398 346996456 616687572 535455970 540622884 636126538 555518560 570631060 585279316 585560648 586382301 587844124 833601572 119751426 555255376 636893542 659824011 669377137 678621179 690879037 725166906 108914734 755152454 757754272 758761929 802669321 833056044 43927589 837160656 844698917 847084437 848283431 856065431 865183716 884513137 910761080 922096411 943776695 989741895 995342883 996409521 
