10
100
222604817 10853278 810895106 14011890 658754305 35711335 727510020 548485850 886923907 504764686 47751963 648793985 839694732 434905535 93795582 107807471 77316713 476147458 115299743 478329352 150921688 465294181 179024171 191229316 570678930 444201266 10383811 163581761 239488845 403473088 341229515 485212224 807845102 254239880 415760362 749978114 87369709 208319060 465239837 59756506 545143975 834215105 475516867 482413694 50306690 127484744 492927878 970480554 505072471 693466816 568356257 432178775 542625686 841353229 400449934 651870369 554824085 736007271 566233008 524019073 858116445 224815153 611202945 629251040 200726901 787266525 71625473 667520860 683283479 505392466 782135568 827460896 727922418 559004176 738178509 745798483 528365533 763143144 492292715 912237176 788544114 67045921 793601267 350491825 13089516 824944490 46195796 114802357 111410830 899086368 18773143 725799578 792358263 553297641 952329620 965544399 966828046 580244897 978495840 986826951 
100
858193356 174635473 22629300 869398319 144549810 118524799 55198135 657308205 807801652 776784031 15023490 704618382 65131677 66809634 245845270 508569837 313398180 118942970 126974674 129379243 138219437 878600735 822866579 558449427 989110665 47660800 178304878 9660303 185698503 216004254 217362417 702999236 282813887 285419487 963464711 50108187 315256402 317656594 403060919 341814986 332706606 852108007 386262741 749221493 372277870 433595078 451591743 481819845 168302268 116466028 616212985 515187291 54621276 535272667 550286861 550491885 942331820 529982910 512641075 912453189 605449407 608556697 595741924 648507708 504285475 664643534 673208505 693492169 695655328 42129521 98900142 575379470 177715406 394618340 715516563 740493824 720339120 743064567 768245304 158515988 781665396 991644401 811232363 296240205 830830088 183936166 376899683 24683792 709717453 562935069 933240430 701096052 944747912 960426983 24973854 976962356 978583325 979757080 58649595 55750225 
100
83874553 116527625 27534184 31236199 309698909 37553753 674572723 55696739 537375451 73116849 398738306 7304669 100246148 103892086 103928850 147446885 110462726 115110751 932194563 139894653 141353227 62192223 148910461 292466842 496983572 188218640 190148670 707778483 288464787 982686635 219807674 232368227 235324367 860981825 674999270 291461465 749109475 87733657 35198420 719154163 624354008 589123422 366161018 375938092 378611638 456517829 411925543 427880865 357569147 482370188 160881671 242478432 519750773 715367479 691225171 106566909 548051143 552870983 579500765 217250557 819555917 307228620 719604437 599545006 639838052 509979870 194814475 687833296 839372807 707270688 50123803 713023741 520035471 580762446 151619901 721870244 729427684 818876384 535945967 764342019 741089622 774312265 769567506 785448359 852630309 823531634 824351711 830482133 364873815 192117870 882070761 877604617 348845834 598413414 903646847 914486357 21682331 936113756 974351505 900365244 
100
257703948 2216536 709418027 851573675 59018657 266045259 563126506 769414793 169805663 997015282 25144926 827753139 680952178 389132556 78802082 81340671 379468152 955681016 27667957 227291310 149887659 160258121 21848346 314129908 77929711 183974588 1223019 548318271 939202965 919190077 952058417 557446945 264655546 642226910 272483592 149775284 288455458 593285078 981386896 727736220 315872037 182651754 304642809 358168343 358495327 366510302 231555314 460433581 330500386 414090761 425588789 448697012 383683846 31163347 481638029 488849024 752872177 513150166 514803206 20543636 548878108 277154657 40482607 93923280 563424829 308974531 342419581 148292905 651394111 761112805 72329109 30406916 58023916 987940118 742707890 752557905 505582481 758199201 655177814 768566008 562043443 869192478 821128776 68378718 845057375 465733579 853790210 805922810 884724891 963543767 257237206 935511546 229270448 255020671 138928748 956391177 907373435 580737021 170431294 719282228 
100
1269856 416582319 662630160 37757928 111704899 48480887 926696854 53627192 62237094 270202646 68631149 326531875 80304828 796033883 133411966 816214280 559222750 703525302 214118646 126434486 990002703 88413908 147946758 883379744 515049669 193613307 851742732 112168008 219353077 221001778 841235317 244225286 993116869 253734132 248180772 128872092 293363594 78248685 12952435 415264901 538577524 331660535 681219657 453795929 462112898 469336667 478535178 490580625 811866187 520473363 525465484 47950687 526935213 415312464 20780850 574737802 575885820 592805750 593350228 52343965 610712038 421349532 633395684 651313556 654337575 99659676 525665357 983434899 771898772 168727607 115364623 705644947 768940119 906372529 777748041 795524597 82068832 954247641 175305699 291251809 816971133 905047687 209911619 959008015 234227988 918932000 916369827 662173051 920373880 676336555 929400428 936399200 950524465 67340267 803261846 982535870 700066977 623992590 990026391 605183897 
100
503910710 4347678 9424887 15887669 11045314 664137665 427202607 180359648 770424085 674021500 549770457 112861794 234650303 331699607 500509279 792042532 125757279 517456933 257778595 141785762 142910560 593140104 147445149 910370812 909186821 18236263 188937351 194635237 12168186 833792353 132630228 247952048 906936689 285959822 266096843 639399646 229837608 284161418 284199918 101782210 304650409 330109595 772509052 101224107 353726778 371366572 93949841 398727070 113738131 417318772 371516726 429864242 134938179 486881544 309223498 758801728 516506958 417231161 787012237 529233643 176303801 144049526 571469891 680868926 615166933 618182322 9883836 655527989 555582223 522543343 253560442 67592400 658046279 686536656 689751889 695441291 727428504 727503242 1590013 763347915 262741205 100755450 663019385 171183603 965834197 278210130 843164148 899671471 213134816 21458714 478782909 922501823 928820973 929116227 958634379 960136311 796105041 970602160 971909099 981222910 
100
980132850 12360939 206309020 13968478 265340182 461498869 28850963 761536889 41859793 123116836 500112642 953262432 60220121 64946907 671103230 68166870 89541870 94231270 200173633 113908683 680107537 721491119 147518212 535147887 465695647 556252160 774614225 170570763 177599147 506711907 194159862 197226326 110241644 13723911 218308426 574440592 418903095 152875229 694335668 332264847 594343911 362092298 384777985 663093013 797376059 43432376 685499117 453436428 51210482 456487494 17014524 309695673 454397500 472041512 492723886 496817308 14806172 333933371 871089831 436260251 650800698 150369903 559326412 573077620 182978053 540249684 632536622 253802831 647307843 358918522 644145100 406144752 66705904 674282098 961808727 682689439 443190550 467353410 862268104 3219964 758558109 29463899 774648788 121933923 768525097 782906524 657421190 815366915 844069764 154665701 851642407 503225063 708200330 902827703 927194516 56364801 176768988 964324540 844901463 982717714 
100
1066337 1849136 9568308 12483825 13783617 698437611 179235528 149835274 47099031 795366501 240683565 625884741 74473298 76465095 55439435 86397593 90441411 94071476 415051544 103273837 125352046 126263807 146700849 632850347 166851006 172435161 175915434 36847520 884731661 669205867 227937062 960041430 917541532 268875889 801472188 304415415 312139153 225847334 30263486 362947364 462962528 759830890 370304840 388604247 535382524 356237687 521625914 444352011 286117160 473956192 960852665 884512015 968764651 408802970 257082683 97832022 979981293 801773168 538800348 552966885 563722285 576206109 609199831 62651379 625975778 40266292 755047207 901464519 716417188 200210541 731303675 370021303 798858422 369238504 986485622 751164503 410421026 917329915 531290527 836988793 858505831 903815537 45948050 730352947 490197715 507048469 519370594 509142090 938114930 958985313 83871220 487635563 937946811 971987239 977595830 352519589 980942344 982984268 736313181 989248798 
100
4049249 951541735 116754253 556874044 7322763 28250085 968890658 435898030 62905979 54469804 483685442 55256198 82295673 90730036 105684469 991589603 569753391 124094853 470000311 130784367 230095155 151545514 166266734 190168013 194897947 338767736 60815479 919905753 945218297 928323665 216783807 419649079 289036052 581138018 308663156 331444974 293129996 344141167 348730203 355691969 694832775 514502920 938765132 137138902 365099188 440444292 972939907 206314601 61498056 127234875 853289735 475727903 482197756 457673051 557226051 508937913 511463626 204458382 527290364 810442010 491886171 443475889 558335343 619430091 596041295 585053021 50392615 605684317 684108918 621872573 275102365 573815256 629806285 699564230 712085276 372122345 895376981 814402834 814622240 834274231 848975833 282146703 858754086 879926062 889483481 40047868 906594405 429262079 266388964 474925533 446878961 946939442 118586254 50420555 972523299 53434215 981710932 715922007 992042462 998512315 
100
96055 436270588 111952789 985636101 12156764 377054510 121959356 59474862 81179228 451889794 95246086 88118098 102720534 38056105 296611598 783477083 112987926 129531964 146058078 151138556 750598654 973635635 4483226 844103672 352689492 533203179 226802744 316201128 666469232 666373178 234509930 217442977 273579815 790294871 598118136 446622033 221063626 953007550 322610588 397035882 578829186 229237446 356566871 395279753 386592089 175514440 328947973 715780639 127490463 420963090 862792621 440807589 652766636 446518695 264858848 512966155 454126657 262115875 491816990 101512704 521361209 271885078 538669981 543444713 956662457 351449265 290042246 608581592 643529185 808757520 878313486 486432418 10443794 841516678 407328788 445733091 279273044 1240228 777626014 58049291 160769824 793917415 744168903 318955680 708638043 555856931 851960471 861770679 777529960 657249861 878387059 884152482 921863225 934631046 943756014 823361009 215757247 198825929 418570953 997209022 
