10
100
383193705 93490589 988017284 53376130 755124502 183256583 376930501 784865241 668048399 159851505 225989498 879922432 531295788 797167111 946698989 581919165 636750580 965365925 34924914 607965003 9819598 788493289 168588715 296319432 418345120 128731543 422459219 689209740 262362417 837723617 117114301 645556122 783730557 105131584 551448603 391371411 140904518 928379103 28753003 808952916 88230607 254742500 541391699 472042746 51909611 488090688 53961910 541176542 305972964 941403176 149141544 168308913 729896464 170246611 464628345 757936 298978153 887087563 542484027 413856921 577327531 659598327 59413042 361058087 764729910 463377996 752429497 905634427 244273451 781182499 567103695 185020409 35924999 108495393 657063155 940350961 449102432 711025064 334043854 755075396 504944591 483185397 923384308 87357407 653432007 240529004 88115342 804926511 980132918 630599368 218783432 557460448 142714047 130712825 771034887 907443956 594090821 375980735 665594735 838364271 
100
9679586 85214781 23384679 45604584 46226525 532964185 838471896 347845309 96505601 25032101 102920704 601450191 508217497 878821363 688807597 14165856 971866719 776922938 819092366 951999636 260038658 890392149 361976436 402752704 21104974 133011322 162713011 467712146 361508408 680824097 158592768 371187993 766038877 34493798 269308928 664781754 567457983 107780823 12627062 663963583 132812923 968064117 117930125 493546772 699401831 806737722 360228979 671268549 436177011 31837696 475784537 696215668 922229845 690277324 951484723 795851170 675804997 114197734 116079667 37313404 647538182 274672434 408501397 266093411 161682583 677810324 930875164 729140565 638107499 943502225 245620499 623436773 764082693 363550624 969499896 463484523 22804697 329728874 987269424 458981707 361566570 315570312 7713727 136312766 5847635 959198449 932163935 681652631 925912534 48243601 571482386 573450716 175432386 979983782 839544126 337114968 510310458 622935641 66255533 934308 
100
418954217 164392383 476887432 183036909 380459358 446387328 499037783 403264054 628632553 486307206 862245761 990199122 801877517 869959487 126511887 660241503 829157935 911192173 194410485 607586821 959435773 765892871 33553888 134868158 598393004 873098013 324499478 108703461 348550005 243271362 962154120 767504221 407663744 439041552 950541129 788123102 737945231 302095263 43903507 366577783 788402469 906149267 209293257 442796337 776108753 188321495 103037840 457783040 99513668 149964676 65369860 911465792 915857546 98923747 898850302 514250550 824538111 75866131 475470362 25604467 319137492 290140834 793108687 726801235 729182385 596166167 367440688 319643967 898261429 411344195 686221749 539180249 170009813 748031357 981976586 946118566 936352852 937530777 256417957 888382871 87495452 174304168 652365014 855869350 125744266 403731667 222636251 802798728 479597797 698106612 828403194 798735288 988247445 621511880 378052875 569946181 70194398 598009914 889590147 968455826 
100
9354108 428328248 507636075 31880273 28875956 342129012 977998838 965228807 132176140 86933146 706128029 72187943 113753665 211009395 928057292 239497930 467257413 3209894 42296657 946855210 701316506 723216202 598106849 542080302 197244433 828676075 964542835 267438830 426685989 706649333 235894655 288556448 134977580 596047081 320436720 16369888 938176092 150951909 981598694 922868583 90401406 540243075 995056526 204155070 603768821 775630169 443652999 71026233 778840063 338466007 870397794 332672920 61682208 321020995 727269573 111442992 149697069 691812407 378881821 428899409 250978092 614776476 717455857 238472023 63339908 890408928 254841910 1516000 41360837 88956956 776900934 131762242 629200030 624473811 188433664 85485202 252620332 632086662 156511434 31460394 823069021 26909228 216649665 737267580 200446574 943919237 848710572 350143642 488247996 227592392 779043051 739226087 694885219 349015259 977698109 758225127 91940538 85056371 612257478 133301374 
100
174013326 389158411 117579968 803213355 13632222 158529983 888698556 118768905 790616644 897726341 2745650 466202016 777151920 219395314 203469596 977598493 15830902 52180167 180258487 356595249 132288910 959301537 95821335 827174129 160833147 926035796 437915607 252773684 11092166 50173084 238591410 37621843 291847846 208687729 840835197 157996419 367217711 582050104 276765323 10350706 332292796 279510972 476552722 109444716 498906285 532538669 87043208 367253539 437235187 119818046 723848787 569524096 79119582 672186474 249214576 92469080 450738621 687130182 197759116 314347138 589819617 436350525 351968980 881667463 497554605 45320528 39663881 864772315 627370631 316429204 727639372 959663426 595940175 56708445 921624493 947362812 589247113 861184053 314616350 26482299 981002098 38465136 448522747 912638032 563167961 697737322 5107111 13906581 237383856 55382578 328253718 827203472 491733102 680222697 561387286 989287706 725543224 601051167 706576372 205430206 
100
769996722 286732096 17609984 218453248 343440540 939234476 165816059 932687653 652934880 332948760 959169951 633936978 223930248 260209049 399091361 787098208 957946371 256714823 801004789 47846578 312097401 981774858 727566401 803830502 514513907 288953687 645634560 92573482 742521205 204727283 298003688 512517926 491459378 168130023 730971173 834899918 107364498 749303584 620103922 612815730 82252343 431790224 99269059 306182590 691999273 498360419 93280798 502461995 755075241 746801938 550308572 67172641 581093147 130391324 723519495 95607053 419345010 221670406 188180535 14382566 426397688 338700574 526900491 770373418 506830596 110388016 457789687 466711445 859691599 77893608 79527174 794460293 509683831 178796232 100642883 54199455 677156650 46440032 556661449 284748243 645758321 106970020 351920883 79367819 89877696 75440377 174974872 509222705 149627134 215671758 523605271 576024822 554372331 903022113 198914591 61202926 13410128 656704277 527914370 725618078 
100
734597884 459957896 372594723 96798066 638754127 325753957 150997521 168427129 224710340 707658969 453175371 870468660 667145341 657612605 949836478 757023036 585569334 977327701 118762092 735196467 192999458 494883714 163737640 747371788 397905827 362652230 661091065 263832306 19356506 41521787 841966736 606470741 501479682 214561458 703268807 140233808 540315414 706782679 161177288 765025753 266957999 466869010 488010764 934103339 124481615 290363593 543642726 710050948 120207646 514921170 297763766 313207103 9804883 461501406 913095243 260227061 824153635 574186307 524059367 843510141 615708093 218542454 302497233 117187774 433103911 5766039 109937934 825935676 565065069 123631573 443477780 832023068 590500583 931488543 618642758 567498549 74368487 14801836 130065848 194576132 529723005 427829613 360299587 539527887 889331018 273394829 799754948 713484653 700097487 176330666 409511145 168321932 394873119 712008377 138026057 680493381 570290768 100480342 506429056 135355836 
100
224111915 949906835 819895255 667128849 733911729 438538013 234627397 660796567 453339848 364693244 855372699 983062852 792522856 68188637 375107090 534370226 341583465 27378389 100371230 41680951 56225406 509882374 62519234 451098524 74407102 200545291 131591904 497214221 301025632 490537311 485086409 525137546 292960497 304981663 44782746 879388577 596036027 279410142 540185144 49375874 496619737 248074194 884955077 141658945 316262830 112578519 676029170 510362646 139956907 776400399 404559948 48698665 138799124 467079182 499797188 213206225 667624472 483905444 710420446 968650103 826959106 48023206 346304001 119919603 353004868 391086746 851824531 949040895 670496888 244526026 850933120 19632976 492600219 588404549 161291920 661379400 553499419 837321089 171742045 545972677 613721487 576301993 594671341 752520610 43381174 94468529 818243187 563521997 430890324 381179984 532172099 110365781 429203189 878476099 82801735 782208056 122079197 934626266 583765302 792576084 
100
179152291 287214774 812209059 524268862 728135674 973500979 185648261 281635092 663338419 209906658 827607768 129576258 786208650 274795461 882096867 682106175 221780341 552856405 98144523 652670664 934036388 630316621 763036444 363239576 361309072 845838179 997963984 483388268 632980796 434245637 128480703 812133086 721460410 793206113 188918299 302112435 619223443 374566560 583747526 282561862 584473217 263871646 412138119 223198218 538667106 146751337 757820744 760447446 699607742 855965266 265634461 486160481 338798238 881187256 849400057 700107309 579541786 699880392 36011928 212522581 134126028 17008982 877172019 708102790 810215095 66090317 10215224 429438537 293173228 446479102 564516750 877646444 710350747 976654868 953361013 101534204 975922557 711181756 714498001 528046650 419663373 980132461 14207130 758461611 713836068 716123538 311085271 293377854 416003929 347097199 358416786 402646309 364106180 235588804 110749098 26837626 154195473 120964321 456276163 447368700 
100
419959774 20792912 177531496 130310520 849964132 130892508 84361075 678403040 694590616 798859075 206449689 114253988 631507887 73173170 872715598 197860307 789296708 36317221 491238160 57816988 383414419 849654945 460463296 600036950 937760101 571212393 626874576 91955573 544693066 83150738 539324272 964652839 956460001 716855767 947479711 658940484 700264627 884357137 189859875 394855242 535732564 396309563 361625581 19756802 469482733 86857531 217617108 111295792 123174751 708855267 169112779 506589169 411026564 629576075 106626118 201303016 53304819 586017045 293258588 597997884 521684134 685099211 415167075 330660487 254471330 215163137 989600970 954735956 99520273 31977197 202107549 487769188 428286759 563733129 507525990 750285843 650590659 725143097 861581634 773765409 286514716 30694413 132870929 697541279 660270487 92013399 898844294 713575305 678030443 44619233 164089541 199714577 729718443 431772967 530375063 984189772 646936103 372492384 791442079 598972727 
