10
100
983721006 974987973 966427549 946979418 924580563 916466248 908905937 883717601 859489703 852303801 850601475 821401769 810964377 810586857 807960602 805264013 794549381 769277652 767503919 763508096 745890955 734846382 722381632 713565089 702487825 697323669 694855779 677885559 675508230 643471337 638091182 622926257 621120489 617583482 591461637 566798282 548609478 528864966 522725540 513430721 498596782 493992611 485129824 474491158 460214138 456910057 455026334 443896115 434766989 425571143 423776114 421325822 408994164 408715595 400318676 392436600 366172948 362382267 320701308 312353890 309561158 297139882 295794849 295666789 288899572 278900854 277298390 273986927 273970234 241113030 231183313 202783086 198475513 193895360 186353501 181315011 171878169 169500840 145228116 128045539 127363648 116663823 113211600 103178795 95981608 88395341 88205226 70211352 52186931 47085345 44829812 41686726 41233710 41125386 34266396 30513170 21824615 14833940 12839260 7855364 
100
993306258 989959032 989073568 979235488 976234309 958379505 953564215 922736019 887058325 867203584 865544820 849617987 837534807 826238527 782338949 777949396 775060414 760321758 753467128 748896761 743560677 737586083 737176427 722380903 718752687 711003754 708711718 690635454 677551092 658384368 657917715 653029910 642105373 632684731 624260764 619873756 594196824 582604342 581071702 566097396 544681843 529648543 515509952 503789618 501073487 478964262 466965175 465473182 448624416 437697983 437033234 405571809 405230613 404210972 400342807 398579645 376245407 364630801 344847508 342493991 342321935 332965456 314695197 286809494 284676324 283520592 277101149 275883061 267018297 252687103 234756929 224696698 207373246 185257179 177415590 157295589 139883171 139858215 132205100 111771642 109030060 93751511 91175922 90876612 84813528 78686873 72315503 72291736 62908679 57848817 55914566 48289132 38256539 36714558 32251087 26582330 22116068 17660710 11720334 10060232 
100
991442713 987456381 983400041 977546515 962649278 950466750 906571523 846439071 829022859 822131941 806801407 781965359 766904894 727941845 717248793 706679244 699883696 659096156 657334927 642376807 625924423 625338819 610835311 603313521 600464478 599545628 596456839 582324030 576121353 563636239 558364071 556964704 547926633 546255778 542480317 541356675 540159528 535948240 527983592 526499989 524625683 515570172 512000376 488533574 472500556 472406047 472338973 457562528 446287087 426721130 420922678 401723139 400911434 385012297 371419542 356522304 346960934 341023234 324320318 322083848 295798822 284458369 277662820 274193921 263693856 258495703 256811263 245682203 230256556 218978262 203079126 186933667 183721838 180654975 163463976 141572640 140688100 130974549 130376432 127529219 124606164 116923064 112076985 98838830 91827293 68795811 66596982 64716567 55782636 46261496 43701268 42600500 39499821 33641037 30841399 20335487 16065923 15899137 14241439 3818306 
100
997746207 997616200 982452754 979735039 974834672 972450871 961508017 944525579 933178411 891529626 891063391 880312706 871606626 867093188 852740624 845527368 837576514 833451644 830582517 826269267 817286570 810670115 786334405 777498789 761893334 754106726 750504289 746791743 736463533 731768866 727571252 723781016 717133993 716064417 697043408 689953541 650642848 643305757 642033914 635177750 625477519 623137719 618531476 599845166 586420681 552624319 534149417 533646840 525705253 516450391 510046707 508376207 497686469 494445368 482048571 462159086 453178471 450444741 436882335 425577361 422782598 396363893 388493174 383543579 382687185 368006807 345605675 336315973 331614031 315570384 299302227 292662960 256618922 250494914 245565123 223787432 220744564 218331281 218076457 171285078 164248289 164164557 162856859 148127081 147226963 146061380 122620768 106687328 104433534 103235537 97735313 80970947 74280046 68077563 38290354 31259886 29657751 6681297 4694667 3264274 
100
978047802 970710503 960626987 954319084 952040091 944851276 933030673 932206705 906288794 896897737 895209990 892203071 866995399 857634798 821506647 794917320 770626793 768257244 749975547 737361044 737208259 737030453 703473577 689995659 680138737 663372365 662919386 659593203 655366403 633361269 624710257 618450531 606413952 586768900 576459627 553955184 552945779 524818943 522725216 504206848 500515507 496434420 496311389 489163120 486974172 482729014 479790864 474676597 448466410 442280243 412004610 406989772 406501453 400193550 393281303 391945591 368816610 355632068 342176456 325356435 313272730 311696490 273671595 269867769 262085101 259981651 211546214 207643018 207028986 203429136 188011551 184916606 178808103 176932747 166140245 162403880 145743280 141175746 135547138 126174882 124434514 123684939 120987260 120273754 117208016 113536032 112890842 95145016 94235841 64785088 56202173 53766607 51538793 50266572 49257167 37575193 28903727 11078805 10433769 9372256 
100
999918165 997366899 996660028 991347985 990003892 984480531 982335788 976382384 950234286 946816697 942417370 939782579 937196223 937140098 936028070 925975173 918420401 915715934 914620562 881656330 880467898 873180250 846224284 837413299 830167135 817453641 798604816 797917378 793727541 786653438 778975556 772434254 732206872 714519594 708394150 694003157 667203354 628151936 590903746 589344605 574511850 570420534 546325120 542772497 536968338 534644864 523454440 520821339 518542209 514341332 491012018 469285042 458747792 447976979 422855050 414366706 402551360 401374603 373827254 345124324 335071428 331902059 323098651 322769845 322328854 311630644 304895365 295744674 293599932 290345066 283589423 283030932 239109108 223996267 219561974 218913731 185530016 156053829 151574964 134770155 128247961 126845734 126109667 124963729 115669764 111029538 96426239 85948748 85333392 79452710 72133844 65444183 63822912 60666451 59463806 51263217 50759862 8660489 2983657 1497502 
100
996468550 978652124 970844682 967844052 953739746 951139257 881659454 881026854 875459667 870528000 862537025 848752847 830873406 807673451 805083818 796555087 793941937 776641898 773676535 758111035 730959675 720995986 709925590 688577713 687569193 676835858 666221316 659017523 657329122 647689744 637664914 625763961 623130860 614121074 590087542 589943924 567222451 552893617 506610060 502395025 467889804 466690973 456933122 455444952 428258757 421518932 420705738 403199659 394194032 387269285 382061875 381393404 373442240 368025189 363729191 350474396 341009030 338496985 338184236 337619395 331679659 324581496 324263347 315225889 312679057 294000362 277264867 273641290 266084247 261988278 254392386 236773064 216030523 207315380 202908912 187169137 177948490 172698862 158699586 138834710 131181606 128234745 124525302 99190079 97625270 89445280 75948501 65595413 52680549 51523154 46898624 42379830 33864153 32953762 27645601 19726788 8519955 3229584 1417354 1198832 
100
990844549 978654965 973861390 963744058 957991859 933772425 932776646 932046818 924780104 914177989 890154988 886013867 883823883 870828587 867159053 865055724 858173503 853548221 847488814 818501940 808364306 763526273 753919331 748141137 745349305 735214146 718143585 711184381 709213612 702028929 692630374 690102769 684083890 651702153 635209969 632850439 622161557 610745932 607467551 575058647 574269335 561460519 559291328 549345093 547045684 545242110 527669739 521468838 516347874 511751769 503977056 484481372 483744766 480084431 477786440 440630470 431160592 430198118 424515147 415762849 413091971 400647076 374481098 364764029 347086167 346023688 345899823 324579267 302246705 296712984 292016433 281668257 264647778 255129716 236881253 231427173 219980136 218136444 197021789 169159003 161284734 146987740 134776181 130203283 127951413 106527428 97449600 76643507 72816465 66961254 61497344 59779936 58581105 56713542 33220606 30574393 29883922 27100492 24953112 8773547 
100
997767450 991493182 983480712 982086125 975816165 957222120 950078165 935355651 934030280 925827850 922514652 911973173 886968923 882759526 881769775 873354072 854857975 845041402 824626455 822119441 815150713 792079779 785422760 769958127 767115037 764972996 757882126 731820212 730754431 730487229 715119909 712763161 685167165 668058552 658925642 649150189 632961566 627453084 609991285 599971770 580728398 578857236 565993980 560356848 543452426 515855067 497590044 487491257 486335096 460258880 458142349 449656689 437410603 437304806 436413260 426710044 423697383 413319106 398421495 368693542 358073759 344842055 340978219 322478448 307757614 305025305 288128513 287888739 284520090 259395160 243262206 214632163 211351382 196346584 194545006 192732596 192676235 190006346 187702268 172924303 172686480 171575146 169310736 152747990 147037743 137780432 137327259 136228701 132749231 118861235 108279953 89588474 75922062 67415243 53347430 45118966 22970281 18466024 12103125 1332984 
100
973324322 957684900 937369792 936827211 914152779 899707294 884817728 866291878 850873402 847794397 843479115 837559677 836311856 826790609 804614734 803131073 799988341 797874731 794731999 783515444 781598023 775689305 760353192 689359024 687096228 687090961 685757978 659994204 641941321 624285288 613506092 606205664 599051293 593716695 592606729 581433317 564063526 522069833 519426181 514689729 482811519 457857015 448404469 442546617 438568055 426663334 423524265 418013597 415643160 412305348 410744274 386340916 384345182 383602839 351768357 351479237 339226217 336809170 333104668 327025979 318767397 313724368 283008976 282544902 279415590 271427524 244911462 218001937 207791545 200280061 198177900 197635155 181738672 177309780 170959476 164044123 142227307 140539261 138876329 133028849 127168541 109553022 90307732 76416944 73437143 72299551 66625522 61677145 51912898 51013045 41657014 40362816 37119918 33000961 24968509 19748351 12733935 5013934 3351002 2370438 
